date,loc,tokens
1745413362,5685,69735
1745422098,5679,69817
1745425977,5682,69864
1745433198,5679,69850
1745433593,5679,69850
1745433627,5680,69870
1745433833,5679,69880
1745434001,5685,69984
1745435747,5662,69312
1745435774,5661,69313
1745435808,5659,69315
1745435914,5658,69320
1745436373,5652,69325
1745436417,5652,69325
1745443003,5632,68988
1745443026,5632,68989
1745443267,5633,68990
1745443295,5634,68998
1745443360,5635,69006
1745443626,5640,69064
1745443654,5639,69056
1745443801,5643,69105
1745443819,5644,69113
1745444943,5638,69045
1745444965,5637,69037
1745445007,5638,69045
1745445069,5639,69070
1745448775,5639,69070
1745448803,5640,69076
1745449768,5649,69258
1745449785,5648,69259
1745449804,5649,69258
1745449928,5661,69338
1745449939,5660,69339
1745450026,5660,69333
1745450040,5661,69332
1745450239,5662,69375
1745450249,5661,69376
1745450267,5662,69375
1745450290,5662,69375
1745450381,5662,69375
1745450397,5661,69376
1745450420,5662,69375
1745450795,5661,69399
1745450803,5660,69400
1745450823,5661,69399
1745457781,5640,68363
1745457830,5640,68363
1745457861,5640,68363
1745457884,5640,68363
1745457902,5640,68363
1745457947,5640,68363
1745458012,5639,68364
1745458901,5623,67430
1745459121,5623,67193
1745459433,5621,66900
1745459639,5624,66881
1745459826,5624,66881
1745459849,5625,66888
1745460710,5621,66755
1745460735,5620,66756
1745460769,5622,66779
1745460786,5620,66781
1745465966,5595,66628
1745467471,5588,66747
1745468012,5588,66747
1745468094,5587,66752
1745468214,5587,66721
1745512055,5587,66721
1745512164,5587,66721
1745512199,5587,66721
1745512248,5587,66721
1745512271,5587,66721
1745512296,5587,66742
1745512328,5587,66742
1745512372,5588,66749
1745512600,5588,66749
1745513236,5604,66972
1745513275,5604,66974
1745513279,5604,66974
1745513303,5603,66975
1745513692,5603,67012
1745514106,5617,67277
1745514122,5617,67277
1745514147,5617,67283
1745516473,5639,67740
1745516582,5640,67766
1745516731,5640,67787
1745518187,5637,67758
1745518224,5637,67758
1745520598,5637,67758
1745520694,5637,67785
1745520736,5637,67812
1745521027,5637,67812
1745521083,5637,67827
1745521233,5637,67827
1745521258,5637,67827
1745521422,5637,67841
1745521452,5637,67841
1745521520,5637,67841
1745521589,5637,67858
1745521833,5639,67889
1745521866,5639,67892
1745528390,5639,67878
1745535477,5639,67878
1745536379,5639,67892
1745536866,5639,68088
1745537109,5639,68105
1745537116,5639,68105
1745539848,5651,68464
1745540550,5669,68884
1745541964,5732,69796
1745542013,5732,69809
1745542054,5732,69809
1745542149,5731,69810
1745542238,5731,69799
1745542242,5731,69799
1745542265,5731,69795
1745542325,5733,69829
1745542418,5732,69830
1745542471,5733,69898
1745542483,5733,69898
1745542568,5733,69898
1745542986,5742,69929
1745543084,5754,70173
1745543163,5757,70207
1745543584,5778,70640
1745543910,5804,71403
1745544771,5846,72267
1745545166,5875,72809
1745545196,5875,72818
1745545253,5875,72818
1745545551,5876,73032
1745545601,5870,73044
1745545713,5870,72894
1745545742,5870,72894
1745579046,5876,72837
1745632309,5917,73043
1745632353,5917,73043
1745632367,5917,73043
1745632467,5917,73043
1745632823,5912,73520
1745632845,5912,73520
1745632855,5912,73520
1745632871,5912,73520
1745636404,5913,73140
1745640143,5916,72880
1745705418,5916,72880
1745721497,5916,72880
1745724720,5972,73710
1745757505,5992,73790
1745758188,5992,73790
1745758232,5992,73790
1745758284,5992,73790
1745758941,5992,73790
1745761480,5992,73789
1745761485,5992,73789
1745761499,5992,73790
1745761618,5992,73790
1745761760,5991,73778
1745761801,5991,73778
1745763948,5991,73778
1745764055,5991,73778
1745764070,5991,73778
1745764090,5991,73778
1745764190,5990,73780
1745765079,6004,73959
1745765086,6005,73977
1745765108,6006,73995
1745765177,6013,74082
1745765191,6014,74100
1745765269,6067,74622
1745765278,6068,74636
1745765294,6068,74638
1745765309,6068,74640
1745765342,6071,74680
1745765404,6073,74695
1745765472,6075,74743
1745765643,6075,74758
1745766921,6077,74745
1745766949,6079,74776
1745767170,6079,74800
1745767208,6077,74802
1745767338,6079,74822
1745767938,6080,74844
1745768358,6114,75213
1745768397,6114,75222
1745768413,6115,75240
1745768765,6129,75462
1745768795,6130,75487
1745768907,6132,75497
1745769643,6153,75685
1745769762,6156,75723
1745771013,6208,76385
1745771028,6210,76423
1745771053,6214,76483
1745771134,6266,76995
1745771142,6268,77045
1745771153,6268,77054
1745771164,6269,77062
1745771207,6273,77122
1745771235,6277,77186
1745771257,6281,77252
1745771286,6291,77418
1745771300,6290,77419
1745771355,6298,77481
1745771413,6298,77481
1745771417,6298,77481
1745771459,6298,77481
1745771493,6298,77481
1745771571,6298,77481
1745771651,6298,77487
1745771695,6298,77487
1745771715,6302,77483
1745771881,6297,77488
1745772511,6301,77548
1745772735,6302,77562
1745772788,6312,77661
1745772809,6312,77659
1745772835,6313,77668
1745773119,6331,77996
1745773126,6331,77996
1745773203,6331,78000
1745773257,6331,77994
1745773270,6331,77989
1745773321,6331,77989
1745775935,6332,78002
1745775989,6332,78002
1745782500,6332,78002
1745785006,6332,78002
1745785055,6332,77980
1745785083,6332,77980
1745792821,6335,78536
1745792915,6338,78998
1745792918,6338,78998
1745792922,6338,78998
1745793069,6347,79481
1745793095,6348,79488
1745793102,6347,79489
1745793135,6348,79488
1745793148,6347,79489
1745793163,6348,79488
1745798350,6348,78108
1745810854,6511,80649
1745810885,6511,80649
1745811039,6512,80648
1745813440,6512,80648
1745814774,6530,81193
1745815070,6538,81138
1745815374,6565,81526
1745815453,6565,81526
1745815597,6577,81574
1745815765,6584,81612
1745815827,6577,81617
1745815872,6583,81613
1745815961,6582,81614
1745817862,6591,81753
1745817888,6592,81752
1745818146,6594,81904
1745823583,6594,81855
1745823727,6594,81855
1745823751,6594,81855
1745825376,6615,82280
1745825448,6615,82280
1745825533,6629,82283
1745825688,6615,82283
1745825738,6615,82291
1745825797,6615,82317
1745825951,6604,82277
1745827435,6591,81943
1745827580,6590,81943
1745828056,6590,81920
1745890724,6590,81920
1745899332,6590,81920
1745899384,6590,81920
1745899431,6590,81920
1745899457,6589,81918
1745899472,6588,81915
1745899517,6596,81941
1745899580,6596,81941
1745899585,6596,81941
1745899686,6586,81879
1745900158,6590,82421
1745900189,6590,82421
1745900287,6591,82916
1745900294,6591,82916
1745900339,6591,82910
1745900363,6591,82910
1745900377,6591,82910
1745900412,6587,82914
1745900522,6583,82439
1745900552,6577,82421
1745900567,6577,82421
1745900583,6577,81876
1745900617,6574,81862
1745900624,6573,81861
1745900643,6570,81852
1745900648,6569,81851
1745900661,6571,81853
1745900688,6573,81859
1745902598,6570,81875
1745902626,6567,81891
1745903266,6567,81833
1745903297,6568,81842
1745903320,6567,81747
1745903359,6567,81615
1745903385,6568,81645
1745903408,6567,81602
1745903487,6568,81650
1745903550,6569,81716
1745904652,6571,81734
1745904736,6576,81822
1745904806,6577,81826
1745904821,6577,81788
1745905334,6651,83281
1745905505,6650,83283
1745905655,6654,83369
1745905668,6656,83373
1745905710,6656,83373
1745905742,6656,83373
1745905753,6656,83373
1745905801,6656,83373
1745905860,6656,83438
1745905875,6656,83438
1745905889,6656,83438
1745905908,6656,83383
1745905917,6656,83383
1745905934,6656,83383
1745906139,6656,83356
1745906708,6686,84167
1745906726,6686,84146
1745906730,6686,84146
1745906808,6687,84158
1745906905,6688,84165
1745907018,6688,83839
1745907035,6688,83598
1745907045,6689,83597
1745908638,6690,83600
1745908646,6690,83600
1745908660,6690,83600
1745908689,6690,83600
1745908731,6690,83600
1745908774,6690,83600
1745908785,6690,83600
1745908803,6690,83627
1745908835,6690,83627
1745909200,6690,83627
1745912393,6689,83628
1745912404,6689,83628
1745912416,6689,83628
1745912531,6689,83628
1745912593,6689,83628
1745912601,6689,83628
1745913437,6689,83628
1745913590,6689,83628
1745914108,6689,83628
1745914250,6689,83628
1745914316,6689,83628
1745914438,6686,83660
1745914446,6686,83663
1745914511,6687,83687
1745914613,6689,83712
1745914648,6689,83707
1745914679,6689,83707
1745914745,6689,83688
1745915105,6673,84230
1745915159,6673,84230
1745915482,6673,84230
1745915511,6672,84234
1745915547,6672,84234
1745915557,6672,84234
1745915610,6672,84234
1745915638,6672,84234
1745915679,6672,83429
1745915733,6676,83455
1745915786,6678,83472
1745915831,6675,83495
1745915861,6675,83495
1745915939,6672,83514
1745915996,6669,83495
1745916273,6668,83516
1745916282,6669,83519
1745917088,6669,83477
1745917219,6669,83467
1745917615,6686,84416
1745917633,6686,84416
1745917703,6686,84410
1745917745,6686,84410
1745918002,6686,84455
1745918077,6686,84456
1745918126,6686,83942
1745918369,6686,83942
1745918673,6688,83958
1745919026,6694,84189
1745919233,6700,84264
1745919253,6703,84314
1745919296,6706,84346
1745919389,6706,84159
1745919531,6706,84117
1745919792,6717,84404
1745919815,6718,84424
1745920031,6718,84425
1745920121,6728,84553
1745920255,6731,84628
1745920268,6731,84634
1745920331,6732,84642
1745920463,6737,84848
1745920565,6737,84866
1745920570,6737,84863
1745920591,6737,84866
1745920620,6737,84866
1745920622,6737,84866
1745920698,6738,84901
1745920727,6738,84905
1745920745,6738,84904
1745920774,6738,84904
1745920792,6738,84904
1745920837,6738,84904
1745920862,6738,84904
1745920886,6738,84904
1745920902,6738,84904
1745920908,6738,84904
1745920977,6741,84986
1745921032,6741,85007
1745921073,6741,84986
1745921091,6741,84986
1745921108,6741,84988
1745921135,6741,84988
1745921141,6741,84988
1745921161,6741,84988
1745921182,6741,84988
1745921204,6737,84992
1745921233,6737,84992
1745921415,6737,84919
1745921424,6725,84940
1745921476,6724,84941
1745921531,6724,84968
1745921568,6737,84946
1745921601,6737,84946
1745921672,6737,84946
1745921780,6737,84974
1745921792,6737,84976
1745921798,6737,84977
1745921834,6737,84975
1745921889,6737,84976
1745921979,6734,84993
1745922216,6734,85020
1745922661,6734,84952
1745922984,6734,84907
1745923014,6734,84906
1745923122,6736,84994
1745923136,6736,84994
1745923157,6736,84994
1745923459,6737,85102
1745923467,6737,85106
1745923546,6737,85126
1745953689,6752,85366
1745953697,6752,85366
1745954035,6752,84846
1745954142,6758,84910
1745954188,6760,84949
1745954281,6759,84939
1745954326,6759,84943
1745954508,6761,84967
1745954660,6778,85193
1745954848,6775,85199
1745955011,6767,85207
1745955160,6768,85206
1745955239,6773,85204
1745955303,6769,85208
1745955308,6773,85204
1745955316,6773,85204
1745955374,6773,85204
1745955463,6769,85208
1745955498,6769,85208
1745955506,6769,85208
1745955542,6769,85205
1745955636,6770,85214
1745955647,6771,85232
1745955656,6772,85241
1745955715,6776,85237
1745955798,6772,85241
1745956077,6774,85265
1745956099,6779,85266
1745956286,6782,85325
1745956466,6778,85329
1745958340,6779,85395
1745958403,6779,85395
1745958779,6779,85397
1745958936,6779,85395
1745958949,6779,85395
1745959053,6775,85426
1745959121,6775,85426
1745959306,6775,85426
1745959374,6775,85426
1745959435,6775,85426
1745959532,6775,85426
1745959587,6775,85423
1745959614,6775,85423
1745959753,6775,85425
1745959768,6775,85425
1745959944,6779,85492
1745959958,6779,85492
1745959984,6779,85480
1745959991,6779,85480
1745960016,6779,85480
1745960058,6779,85479
1745960092,6779,85479
1745960117,6779,85480
1745960486,6775,85484
1745961348,6766,85571
1745961716,6820,86234
1745962749,6863,86923
1745962986,6863,86929
1745962995,6863,86936
1745963147,6864,86956
1745963230,6865,86966
1745963355,6865,86975
1745963630,6871,87091
1745963685,6871,87109
1745963825,6875,87157
1745963891,6875,87167
1745964032,6887,87305
1745965319,6888,87310
1745995889,6888,87310
1745996053,6888,87310
1745996472,6899,87410
1745996936,6901,87485
1745996993,6899,87487
1745997093,6899,87494
1745997119,6898,87468
1745997169,6897,87455
1745997229,6896,87500
1745997431,6887,87513
1745997566,6904,87686
1745997649,6908,87711
1745997681,6910,87751
1745997815,6916,87816
1745997821,6916,87819
1745997835,6916,87819
1745997992,6927,87937
1745998079,6951,88187
1745998106,6951,88201
1745998121,6952,88223
1745998143,6952,88225
1745998164,6952,88225
1745998210,6952,88225
1745998235,6952,88224
1745998319,6956,88268
1745998456,6958,88314
1745998589,6959,88357
1745998640,6959,88357
1745998664,6960,88365
1745998688,6962,88381
1745998707,6963,88389
1745998756,6966,88424
1745998805,6968,88438
1745998824,6969,88455
1745998842,6970,88462
1745998968,6974,88485
1745998988,6974,88497
1745999037,6975,88513
1745999084,6964,88524
1745999150,6964,88524
1746039508,6965,88539
1746041183,6965,88539
1746041188,6965,88539
1746041227,6965,88542
1746041253,6966,88571
1746046444,6965,88587
1746046627,6964,88589
1746046889,6964,88602
1746047002,6956,88631
1746047021,6955,88647
1746048568,6955,88662
1746048603,6960,88705
1746048610,6960,88706
1746048628,6961,88724
1746048666,6961,88739
1746048705,6955,88716
1746048714,6954,88716
1746048725,6954,88716
1746048779,6954,88716
1746048782,6954,88716
1746048929,6949,88756
1746048940,6949,88756
1746048956,6945,88668
1746049107,6958,88832
1746049120,6959,88851
1746049157,6955,88868
1746049184,6955,88892
1746049202,6955,88868
1746049315,6942,88800
1746049364,6944,88836
1746049376,6944,88874
1746049448,6944,88491
1746049500,6946,88390
1746049507,6944,88369
1746049514,6944,88367
1746049526,6941,88360
1746049550,6943,88364
1746049561,6945,88368
1746049607,6953,88384
1746049688,6955,88366
1746049771,6958,88201
1746049813,6958,88201
1746049918,6934,88262
1746049988,6934,88021
1746050000,6934,87996
1746050074,6927,88120
1746050142,6920,88074
1746050189,6920,88074
1746050230,6920,88072
1746050315,6920,88072
1746050574,6920,87907
1746050594,6924,87993
1746050600,6920,87923
1746050605,6916,87857
1746050732,6913,87869
1746050782,6907,87890
1746050816,6903,87894
1746050903,6898,87837
1746050915,6898,87804
1746050928,6894,87829
1746050966,6897,87838
1746050973,6897,87838
1746050979,6897,87838
1746050993,6897,87838
1746051044,6898,87847
1746051060,6899,87855
1746051167,6901,87904
1746051174,6901,87904
1746051207,6902,87914
1746051226,6902,87914
1746051235,6903,87924
1746051275,6903,87907
1746051335,6900,87856
1746051444,6900,87879
1746051777,6899,87880
1746051867,6899,87880
1746052246,6899,87880
1746055655,6885,87933
1746055663,6886,87932
1746057367,6887,87967
1746057446,6881,87975
1746057620,6884,88221
1746057627,6883,88222
1746057680,6883,88222
1746057762,6883,88222
1746057802,6883,88222
1746057907,6883,88230
1746058073,6885,88250
1746058087,6885,88250
1746058168,6885,88276
1746058190,6885,88276
1746058221,6885,88280
1746058246,6885,88280
1746058317,6885,88280
1746058620,6882,88283
1746058624,6881,88284
1746058638,6881,88284
1746058756,6888,88419
1746058774,6888,88427
1746058820,6889,88447
1746058843,6889,88447
1746058888,6896,88528
1746058894,6896,88537
1746058953,6900,88567
1746058971,6900,88567
1746058979,6903,88598
1746059004,6903,88598
1746060400,6904,88597
1746060504,6903,88598
1746060582,6891,88561
1746060610,6891,88445
1746060885,6880,88532
1746060916,6885,88530
1746060953,6886,88539
1746061142,6885,88540
1746061500,6899,88769
1746061546,6910,88925
1746061583,6920,89053
1746061615,6920,89043
1746062749,6920,89043
1746063188,6920,89043
1746063598,6920,89043
1746063602,6920,89043
1746071340,6920,89043
1746088170,6920,88970
1746088253,6916,88806
1746088288,6913,88798
1746088376,6912,88774
1746088387,6912,88774
1746088429,6912,88720
1746088538,6912,88796
1746088582,6913,88807
1746088825,6914,89304
1746088861,6915,89310
1746088882,6915,89310
1746088895,6915,89253
1746088898,6915,89245
1746088945,6908,89198
1746088965,6908,89074
1746089969,6908,89025
1746090222,6880,89421
1746090229,6880,89421
1746090301,6880,89415
1746090308,6880,89415
1746090367,6880,89405
1746090401,6880,89395
1746090515,6866,89524
1746090559,6852,89664
1746090604,6838,89804
1746090737,6828,89788
1746090759,6829,89790
1746090804,6825,89770
1746091496,6892,90532
1746091509,6893,90556
1746091530,6893,90565
1746091566,6893,90565
1746091580,6893,90565
1746091693,6893,90565
1746091890,6926,91291
1746091920,6926,91291
1746091952,6926,91291
1746092065,6959,92017
1746092099,6959,92017
1746092213,6959,92005
1746092386,6959,92005
1746092411,6959,92045
1746092458,6959,92045
1746092525,6959,92087
1746092552,6959,92083
1746092596,6959,92121
1746120283,6959,92121
1746120287,6959,92121
1746120335,6960,92162
1746122212,6898,92260
1746122337,6804,92401
1746122715,6830,92355
1746122743,6830,92355
1746122768,6830,92355
1746122783,6830,92355
1746122791,6830,92355
1746122808,6831,92356
1746122816,6831,92356
1746122822,6831,92356
1746122877,6846,92361
1746122891,6846,92361
1746123924,6814,92393
1746124292,6841,92905
1746124301,6841,92905
1746135632,6949,94794
1746135654,6949,94794
1746135722,6949,94797
1746135741,6949,94797
1746135826,6949,94820
1746135832,6949,94820
1746135909,6949,94821
1746135919,6949,94821
1746135939,6949,94821
1746136028,6949,94821
1746136038,6949,94821
1746136045,6949,94821
1746136055,6949,94821
1746136064,6949,94821
1746136072,6949,94821
1746136084,6949,94821
1746136092,6949,94821
1746136098,6949,94821
1746136105,6949,94821
1746136112,6949,94821
1746136124,6949,94821
1746136137,6949,94823
1746136143,6949,94823
1746136151,6949,94823
1746136312,6949,94821
1746136328,6949,94818
1746136415,6947,94820
1746136435,6941,94800
1746136542,6941,94800
1746136558,6940,94801
1746136563,6940,94801
1746136617,6940,94626
1746142152,6988,95431
1746142266,6988,95431
1746142316,6988,95436
1746142367,6985,95439
1746142404,6985,95439
1746142408,6985,95439
1746142510,6985,95260
1746142518,6985,95260
1746142543,6985,95260
1746142757,6985,95260
1746142813,6985,93968
1746142842,6983,93925
1746142864,6984,93924
1746142906,6984,93924
1746142958,6984,93458
1746142971,6984,93376
1746143408,7046,94085
1746143464,7047,94082
1746143479,7048,94089
1746143505,7050,94091
1746143520,7043,94091
1746143566,7044,94137
1746143743,7044,94136
1746143750,7044,94136
1746143782,7048,96009
1746143787,7047,95999
1746143812,6985,95260
1746143884,6985,95253
1746143898,6986,95266
1746143907,6986,95267
1746143921,6986,95268
1746143931,6986,95268
1746143934,6986,95232
1746143939,6986,95232
1746144079,6984,95133
1746144087,6983,95129
1746144089,6983,95129
1746144106,6982,95126
1746144116,6982,95123
1746144124,6982,95126
1746144180,6984,95134
1746144198,6987,95139
1746144491,7003,95620
1746144534,7003,95559
1746144689,7001,95714
1746144794,6998,95016
1746144810,6996,95044
1746144820,6994,95072
1746144834,6997,95112
1746144868,6999,95146
1746144879,7001,95166
1746144887,7001,95033
1746144899,7001,94928
1746144915,7000,94925
1746144941,7000,94925
1746149794,7000,94947
1746149825,7000,94969
1746149846,7000,94996
1746216691,7002,95017
1746221623,7003,95032
1746221837,7005,95384
1746221921,7017,95531
1746221932,7018,95550
1746221934,7018,95533
1746221958,7020,95186
1746221964,7020,95186
1746222042,7018,95176
1746222064,7018,95180
1746222098,7018,95202
1746222166,7022,95187
1746222205,7021,95066
1746222227,7021,95068
1746222293,7009,95080
1746222321,7009,95080
1746222350,7009,95080
1746228195,7009,94614
1746228248,7009,94532
1746228323,7008,94552
1746228335,7005,94533
1746228338,7005,94507
1746228533,7006,94510
1746228568,7005,94506
1746228582,7002,94501
1746229882,7024,94852
1746229894,7024,94854
1746229964,7025,94877
1746229986,7032,94993
1746229999,7033,95008
1746230169,7026,94883
1746231259,7124,96007
1746231721,7124,96007
1746323993,7124,96007
1746324176,7121,96010
1746324490,7121,96010
1746329518,7121,96010
1746329551,7121,96010
1746329718,7121,96004
1746329746,7120,96005
1746331008,7167,96634
1746391183,7309,98335
1746391194,7310,98338
1746391219,7318,98397
1746391479,7329,98546
1746391703,7329,98552
1746391746,7330,98566
1746391754,7330,98566
1746395166,7330,98566
1746395199,7331,98572
1746395227,7332,98588
1746395244,7333,98610
1746395255,7333,98622
1746395292,7333,98636
1746395331,7333,98628
1746395528,7339,98705
1746395690,7340,98755
1746395751,7348,98827
1746395776,7350,98869
1746395855,7350,98869
1746395891,7350,98869
1746396014,7350,98888
1746396040,7350,98888
1746396120,7350,98933
1746396176,7350,98933
1746396255,7354,99066
1746396287,7354,99066
1746397465,7354,99066
1746397489,7355,99091
1746397498,7355,99067
1746397561,7357,99082
1746397644,7364,99211
1746397668,7363,99212
1746397747,7367,99271
1746398032,7370,99339
1746398184,7369,99340
1746398212,7369,99340
1746398584,7426,100424
1746398591,7426,100436
1746398602,7426,100436
1746398621,7426,100436
1746398759,7426,100400
1746398816,7426,100400
1746408104,7426,100400
1746408259,7426,100400
1746408413,7426,100400
1746408453,7426,100400
1746408495,7426,100400
1746421766,7426,100400
1746421805,7426,100400
1746421843,7426,100400
1746421859,7426,100400
1746470738,7428,100437
1746470958,7428,100453
1746484548,7428,100453
1746484772,7428,100453
1746484785,7428,100453
1746484795,7428,100453
1746485552,7636,104009
1746485556,7636,104009
1746486057,7770,106095
1746486083,7770,106077
1746486103,7770,106059
1746486156,7770,106071
1746486167,7770,106071
1746486194,7770,106071
1746486205,7770,106071
1746486285,7770,106293
1746486304,7770,106293
1746486381,7774,106325
1746486386,7775,106333
1746486406,7777,106351
1746486421,7778,106361
1746486444,7779,106369
1746486455,7779,106369
1746486473,7780,106378
1746486618,7789,106459
1746486732,7790,106473
1746486926,7806,107090
1746487116,7806,107090
1746487165,7863,108129
1746487182,7865,108139
1746487270,7865,108139
1746487381,7865,108148
1746487432,7869,108194
1746487480,7869,108194
1746487497,7870,108204
1746487515,7871,108214
1746487764,7876,108374
1746487884,7879,108412
1746487968,7882,108432
1746487983,7885,108452
1746488017,7912,108846
1746488038,7913,108857
1746488173,7914,108875
1746488182,7914,108887
1746488206,7914,108887
1746496583,7749,105732
1746496928,7757,105763
1746496987,7754,105788
1746497013,7752,105815
1746497032,7756,105877
1746497037,7752,105882
1746497085,7743,105872
1746497125,7743,105872
1746497439,7757,106103
1746497535,7757,106103
1746497591,7758,106135
1746497652,7758,106135
1746497713,7760,106176
1746497942,7740,106181
1746497962,7740,106055
1746497978,7740,106055
1746498002,7740,106051
1746498022,7740,106052
1746498096,7740,106055
1746498137,7740,106055
1746498142,7740,106055
1746498159,7740,106055
1746498174,7740,106055
1746498237,7740,106055
1746498242,7740,106055
1746498253,7740,106052
1746499656,7740,106066
1746499693,7742,106100
1746499702,7742,106100
1746499732,7747,106193
1746499783,7757,106359
1746499810,7757,106309
1746499852,7759,106334
1746499869,7760,106346
1746500021,7770,106465
1746500051,7770,106422
1746500103,7770,106352
1746500113,7770,106352
1746500123,7770,106329
1746500125,7770,106329
1746500131,7770,106329
1746500139,7770,106329
1746500163,7770,106329
1746500195,7770,106216
1746500204,7770,106216
1746500226,7767,106303
1746500253,7769,106329
1746500265,7767,106331
1746500293,7771,106433
1746500298,7770,106434
1746500320,7774,106496
1746500373,7774,106498
1746500397,7774,106481
1746500406,7774,106465
1746500435,7774,106465
1746500537,7749,106466
1746500551,7724,106482
1746500629,7637,106496
1746500731,7622,106499
1746500761,7622,106499
1746500808,7575,106510
1746500826,7575,106510
1746500941,7519,106425
1746501008,7312,106482
1746501015,7309,106483
1746501205,7317,106615
1746501228,7317,106618
1746501406,7317,106638
1746501784,7429,108349
1746501800,7430,108367
1746501828,7430,108384
1746501848,7430,108384
1746502025,7430,108384
1746502074,7430,108384
1746513392,7413,108385
1746513501,7384,108395
1746513809,7390,108389
1746513829,7396,108402
1746513836,7396,108402
1746513978,7404,108484
1746514105,7421,108483
1746514171,7433,108694
1746514224,7435,108711
1746514335,7444,108856
1746514370,7462,109097
1746514379,7463,109119
1746514397,7463,109144
1746514448,7465,109158
1746514535,7465,109158
1746514559,7465,109158
1746514568,7465,109158
1746514592,7465,109158
1746514628,7466,109175
1746514650,7466,109179
1746514664,7466,109179
1746514695,7466,109179
1746514741,7467,109201
1746514856,7467,109201
1746514940,7472,109243
1746515192,7484,109431
1746515230,7494,109577
1746515457,7499,109679
1746515472,7500,109683
1746560652,7511,109815
1746560893,7518,109910
1746560901,7520,109924
1746560925,7521,109947
1746562091,7521,109957
1746562103,7521,109967
1746562480,7521,109971
1746562512,7521,109972
1746562700,7524,110141
1746562733,7524,110183
1746562742,7524,110225
1746562770,7525,110266
1746562811,7525,110266
1746562857,7525,110321
1746562926,7525,110321
1746562959,7525,110321
1746562981,7525,110321
1746563008,7527,110365
1746563041,7527,110365
1746563208,7534,110461
1746563238,7535,110472
1746564078,7568,111661
1746564081,7568,111661
1746564129,7567,111662
1746564139,7567,111668
1746564149,7567,111668
1746564158,7567,111668
1746564275,7567,111668
1746564377,7568,111667
1746564423,7568,111710
1746564503,7568,111710
1746564579,7568,111733
1746564596,7568,111733
1746564657,7572,111789
1746564825,7574,111823
1746564860,7576,111855
1746564943,7579,111880
1746564963,7579,111880
1746565012,7579,111868
1746565021,7575,111812
1746565040,7575,111817
1746565072,7573,111773
1746565153,7575,111789
1746565166,7575,111787
1746565214,7580,111847
1746565230,7581,111888
1746565247,7581,111888
1746565658,7581,111888
1746565674,7581,111888
1746565696,7581,111888
1746565715,7581,111888
1746566036,7583,111916
1746566297,7629,112514
1746566305,7628,112504
1746566320,7628,112516
1746566484,7634,112627
1746566686,7636,112687
1746566948,7636,112685
1746567322,7664,113041
1746567330,7666,113053
1746567400,7667,113040
1746567402,7667,113040
1746567547,7695,113360
1746567601,7696,113391
1746567863,7693,113408
1746567874,7690,113424
1746567892,7688,113411
1746568261,7687,113480
1746568270,7687,113480
1746568368,7688,113498
1746568377,7688,113498
1746568431,7688,113498
1746571865,7692,113594
1746571947,7693,113613
1746572000,7693,113613
1746573341,7710,113852
1746573451,7711,113876
1746573480,7715,113911
1746590744,7736,114042
1746590814,7747,114160
1746590849,7751,114180
1746590895,7768,114411
1746590960,7785,114644
1746590987,7787,114693
1746591024,7787,114693
1746591053,7787,114693
1746591126,7791,114736
1746591204,7791,114747
1746591214,7790,114748
1746591280,7792,114788
1746591463,7804,114904
1746591483,7805,114933
1746591503,7806,114947
1746591650,7808,114981
1746591679,7807,114960
1746591703,7810,114970
1746591746,7810,114970
1746591781,7809,114984
1746591869,7811,114991
1746591924,7811,114991
1746592009,7814,115036
1746592058,7811,115039
1746592068,7814,115049
1746592074,7814,115049
1746592204,7814,115045
1746592214,7814,114875
1746592243,7814,114883
1746592289,7814,114921
1746592298,7814,114923
1746592313,7814,114963
1746592365,7803,114960
1746592370,7803,114960
1746592384,7801,114962
1746592392,7798,114966
1746594438,7828,115367
1746594550,7829,115395
1746594631,7834,115437
1746594710,7834,115443
1746594751,7834,115443
1746594902,7842,115589
1746595052,7854,115792
1746595205,7854,115391
1746595242,7856,115412
1746595359,7857,115456
1746595414,7860,115510
1746595453,7860,115501
1746595462,7861,115536
1746595484,7862,115580
1746595519,7859,115582
1746595551,7862,115579
1746595563,7860,115581
1746595585,7851,115596
1746595613,7843,115609
1746595623,7842,115610
1746595705,7843,115632
1746595717,7842,115633
1746595724,7843,115677
1746595765,7843,115637
1746595863,7845,115641
1746595996,7843,115643
1746596008,7844,115642
1746596032,7843,115643
1746596064,7843,115639
1746596091,7843,115639
1746596135,7860,115611
1746596732,7860,115622
1746596776,7860,115724
1746596944,7876,115902
1746597022,7881,115862
1746597043,7881,115860
1746597058,7881,115856
1746597108,7881,115854
1746597115,7881,115854
1746597139,7881,115854
1746597247,7881,115858
1746597271,7882,115866
1746597508,7883,115878
1746597708,7883,115875
1746597879,7884,115896
1746597936,7884,115896
1746598054,7880,115903
1746598062,7880,115890
1746598522,7883,115921
1746598670,7884,115920
1746598688,7882,115934
1746598771,7886,115971
1746598867,7894,116042
1746598936,7894,116027
1746599011,7894,116027
1746599590,7789,113514
1746599598,7789,113457
1746599623,7789,113370
1746599642,7789,113168
1746599692,7789,113170
1746599707,7789,112977
1746599739,7790,112981
1746599783,7790,112924
1746599810,7792,112933
1746599853,7787,112917
1746599909,7781,112896
1746599955,7781,112896
1746599981,7782,112879
1746600056,7783,112861
1746600113,7779,112868
1746600139,7779,112831
1746600159,7778,112841
1746600181,7779,112846
1746600221,7779,112846
1746600254,7781,112857
1746600267,7782,112862
1746600297,7783,112869
1746600330,7783,112861
1746600371,7784,112822
1746600424,7781,112812
1746600442,7779,112800
1746600554,7779,112800
1746600607,7779,112800
1746631817,7778,112801
1746632416,7791,113013
1746632529,7792,113036
1746632608,7790,113038
1746634011,7782,113051
1746634211,7798,113214
1746634264,7797,113216
1746634274,7797,113216
1746634336,7797,113216
1746646805,7799,113209
1746647045,7799,113209
1746647080,7807,113196
1746647180,7805,113184
1746648017,7805,113184
1746648092,7805,113184
1746648121,7805,113184
1746649647,7805,113184
1746649659,7808,113215
1746651276,7809,113214
1746651283,7809,113214
1746651394,7809,113214
1746651399,7809,113214
1746651434,7809,113214
1746651492,7809,113212
1746651506,7809,113212
1746651556,7810,113223
1746651572,7810,113223
1746651591,7810,113223
1746678710,7793,113011
1746713719,7792,112952
1746713759,7792,112952
1746713794,7792,112952
1746713984,7814,113093
1746714174,7837,113138
1746714203,7837,113138
1746714857,7865,113420
1746715045,7872,113463
1746715147,7872,113468
1746715164,7872,113468
1746717356,7872,113468
1746717366,7872,113468
1746717750,7872,113468
1746717799,7872,113468
1746719483,7872,113468
1746719495,7872,113468
1746726270,7973,114822
1746726316,7973,114822
1746726383,7973,114822
1746726445,7973,114822
1746726504,7973,114822
1746726522,7973,114822
1746726717,7993,115056
1746731101,8025,115408
1746731116,8027,115424
1746731126,8027,115424
1746731139,8027,115424
1746731190,8034,115498
1746731211,8035,115505
1746732184,8097,116158
1746732202,8098,116165
1746732260,8100,116182
1746732285,8107,116208
1746732294,8110,116220
1746732299,8110,116220
1746732355,8110,116234
1746732359,8110,116234
1746732399,8110,116234
1746732417,8110,116234
1746732465,8114,116300
1746732496,8116,116311
1746732500,8116,116311
1746732530,8116,116311
1746732557,8117,116312
1746732679,8119,116334
1746732693,8119,116343
1746732782,8145,116533
1746732788,8145,116534
1746732799,8145,116534
1746732823,8146,116552
1746732874,8131,116540
1746732888,8131,116540
1746733142,8123,116580
1746733144,8123,116580
1746733219,8132,116690
1746733266,8132,116690
1746733289,8132,116696
1746734399,8132,116696
1746735021,8178,117209
1746735030,8178,117209
1746735076,8166,117211
1746735164,8182,117366
1746735217,8177,117335
1746735220,8177,117335
1746735231,8178,117351
1746735886,8180,117704
1746736692,8189,117914
1746736696,8189,117914
1746736810,8189,117923
1746736874,8174,117938
1746737003,8174,117958
1746737015,8174,117961
1746737027,8174,117961
1746737111,8175,117972
1746737182,8176,118026
1746737246,8174,118028
1746737248,8173,118029
1746737305,8173,118028
1746737332,8173,118026
1746737347,8173,118025
1746737368,8173,118023
1746737386,8173,118023
1746739124,8183,117969
1746739153,8188,118027
1746739194,8199,118054
1746739226,8199,118053
1746739276,8199,118053
1746739308,8202,118086
1746739318,8202,118086
1746741111,8231,118587
1746741115,8231,118587
1746741862,8231,118587
1746741869,8231,118587
1746741924,8231,118587
1746741993,8231,118587
1746742000,8231,118587
1746742249,8248,118748
1746742347,8286,119166
1746742408,8288,119185
1746742448,8276,119186
1746742980,8293,119627
1746742997,8293,119627
1746743115,8293,119627
1746743141,8293,119605
1746743416,8307,119414
1746743541,8387,120211
1746743640,8380,120172
1746743655,8380,120172
1746743687,8381,120193
1746743718,8381,120193
1746743855,8312,120211
1746743864,8310,120213
1746744740,8153,120572
1746744746,8145,120573
1746744876,8150,120601
1746744892,8153,120610
1746744903,8155,120616
1746744926,8155,120616
1746744978,8155,120399
1746745016,8155,120425
1746745022,8155,120425
1746745063,8157,120433
1746745069,8158,120437
1746745083,8161,120449
1746745155,8162,120486
1746745167,8162,120486
1746745252,8164,120559
1746745271,8165,120585
1746745283,8162,120616
1746745327,8162,120616
1746745344,8162,120616
1746745372,8162,120629
1746745388,8162,120629
1746745428,8163,120655
1746745440,8163,120655
1746745457,8163,120655
1746745473,8163,120658
1746745480,8163,120661
1746745488,8163,120665
1746745497,8163,120668
1746745502,8163,120668
1746745552,8163,120616
1746745614,8163,120616
1746745631,8157,120616
1746745637,8156,120616
1746745644,8156,120616
1746745665,8137,120616
1746745670,8137,120616
1746745684,8136,120616
1746745691,8135,120616
1746745697,8135,120616
1746745704,8134,120616
1746745715,8133,120616
1746745718,8133,120616
1746745750,8086,120618
1746745758,8085,120618
1746745762,8085,120618
1746745773,8079,120618
1746745777,8079,120618
1746745819,8049,120588
1746745822,8049,120588
1746745848,8049,120588
1746745855,8036,120588
1746745858,8036,120588
1746745887,7997,120590
1746745893,7996,120590
1746745896,7996,120590
1746745923,7969,120591
1746745926,7969,120591
1746745942,7951,120593
1746745951,7951,120593
1746745966,7930,120593
1746745981,7923,120593
1746745983,7923,120593
1746745999,7905,120593
1746746002,7905,120593
1746746038,7905,120593
1746746075,7893,120594
1746746081,7893,120594
1746749167,7970,121504
1746749277,7970,121504
1746749283,7970,121504
1746749299,7970,121504
1746749402,7970,121504
1746749465,7976,121572
1746749499,7979,121593
1746749638,7980,121481
1746749661,7982,121500
1746749701,7982,121513
1746749722,7980,121489
1746749730,7980,121489
1746749751,7981,121514
1746749792,7981,121520
1746749836,7982,121538
1746749846,7982,121541
1746749885,7978,121545
1746749990,7977,121577
1746750066,7977,121633
1746750092,7977,121633
1746750133,7977,121586
1746750147,7977,121542
1746750149,7977,121542
1746750260,7977,121019
1746751123,7960,120972
1746751153,7952,120982
1746751175,7952,120970
1746751219,7952,120957
1746751228,7952,120957
1746751422,7968,121096
1746751659,8024,121701
1746751708,8015,121697
1746752182,8016,121946
1746752185,8016,121946
1746752323,8025,122047
1746752347,8026,122058
1746752357,8027,122069
1746752378,8028,122093
1746752390,8029,122105
1746752404,8030,122104
1746752414,8031,122117
1746752431,8032,122130
1746752443,8032,122129
1746752455,8033,122141
1746752487,8033,122141
1746752550,8035,122164
1746752560,8036,122175
1746752573,8037,122193
1746752625,8038,122207
1746752636,8039,122219
1746752648,8040,122229
1746752661,8041,122236
1746752689,8042,122256
1746752726,8042,122269
1746752740,8043,122269
1746752751,8043,122269
1746752790,8046,122287
1746752793,8045,122288
1746752864,8024,122309
1746752892,8019,122314
1746752904,8016,122317
1746752912,8015,122318
1746752957,8012,122211
1746753045,8005,122207
1746753087,7986,122201
1746753157,7975,122200
1746753161,7975,122200
1746753277,7975,122211
1746753316,7973,122212
1746753320,7972,122213
1746753386,7973,122212
1746753395,7975,122211
1746753402,7975,122211
1746753436,7974,122212
1746753448,7972,122213
1746753468,7971,122214
1746753496,7972,122213
1746753504,7971,122214
1746753539,7972,122213
1746753546,7972,122201
1746753553,7972,122174
1746753575,7974,122173
1746753598,7975,122172
1746753651,7975,122172
1746753657,7974,122173
1746753677,7972,122174
1746753714,7974,122173
1746753719,7975,122172
1746764128,7989,122291
1746764267,8045,122882
1746764330,8045,122837
1746764551,8045,122837
1746764595,8045,122837
1746764631,8046,122847
1746764680,8043,122858
1746764855,8043,123001
1746764954,8043,123095
1746764962,8043,123095
1746765057,8043,123071
1746765109,8049,123114
1746765201,8043,123108
1746765205,8043,123108
1746765214,8043,123108
1746765348,8049,123114
1746765425,8052,123230
1746765479,8059,123211
1746765559,8069,123311
1746765662,8057,123257
1746765682,8057,123262
1746765708,8067,123458
1746765900,8066,123482
1746765920,8060,123441
1746766014,8060,123441
1746766471,8026,123369
1746766563,8026,123322
1746767433,8147,124175
1746767437,8147,124175
1746767712,8163,124464
1746767715,8162,124462
1746767727,8162,124462
1746767738,8162,124462
1746767780,8180,124862
1746767801,8189,124934
1746767967,8313,126462
1746767990,8359,126933
1746768013,8405,127401
1746768086,8410,127464
1746768114,8410,127464
1746768128,8410,127464
1746773786,8409,127479
1746773819,8409,127508
1746773852,8408,127509
1746773856,8408,127509
1746774064,8406,127511
1746774098,8406,127540
1746774161,8406,127606
1746774178,8406,127606
1746774362,8405,127664
1746774398,8405,127641
1746774436,8405,127641
1746774468,8405,127530
1746774473,8405,127513
1746774481,8405,127493
1746774486,8403,127495
1746774518,8403,127495
1746774537,8401,127497
1746774587,8401,127539
1746774618,8401,127570
1746774624,8401,127570
1746774723,8399,127572
1746774761,8399,127572
1746774776,8399,127544
1746774920,8391,127584
1746774931,8391,127584
1746774955,8389,127586
1746774961,8389,127586
1746775028,8372,127598
1746775094,8352,127654
1746775098,8352,127654
1746775140,8350,127658
1746775159,8348,127661
1746775171,8346,127664
1746817244,8224,127958
1746817248,8224,127958
1746817606,8203,128159
1746817636,8197,128194
1746817837,8163,128482
1746818184,8132,128816
1746818269,8133,128831
1746818333,8127,128839
1746818355,8125,128841
1746818392,8126,128856
1746818421,8127,128878
1746818458,8127,128892
1746818476,8128,128906
1746818532,8133,128965
1746818548,8131,128967
1746818579,8131,128967
1746818641,8131,128967
1746829458,8131,128967
1746832181,8131,128967
1746832477,8131,128967
1746832486,8131,128967
1746832565,8132,128978
1746832603,8127,128983
1746832622,8125,128985
1746832660,8123,128987
1746832702,8123,129001
1746832869,8121,129006
1746832974,8126,129006
1746833014,8133,128999
1746833896,8133,129073
1746834241,8135,129085
1746834339,8129,129091
1746834349,8129,129091
1746834388,8135,129085
1746835566,8123,129184
1746835575,8123,129184
1746835825,8123,129184
1746847195,8123,129056
1746847244,8123,129056
1746847327,8121,129107
1746847470,8084,129176
1746847590,8020,129306
1746847785,8020,129155
1746847792,8020,129155
1746847883,8014,129142
1746847892,8014,129142
1746847903,8014,129142
1746847946,8014,129142
1746848014,8013,129141
1746848020,8013,129141
1746848054,8013,129141
1746848067,8013,129141
1746848117,8013,129138
1746848203,8013,129138
1746848297,8013,129138
1746848326,8013,129138
1746848405,8012,129138
1746848634,8012,129039
1746848846,8020,129035
1746849017,8021,129038
1746849046,8017,129055
1746849060,8017,129055
1746849108,8017,129055
1746906216,8017,129055
1746906395,8032,129192
1746906473,8034,129226
1746906482,8036,129270
1746906503,8037,129278
1746906623,8090,129846
1746906749,8079,129859
1746906767,8080,129872
1746906878,8080,129871
1746907244,8085,130010
1746907452,8086,130023
1746907484,8087,130042
1746907487,8086,130043
1746907632,8087,130042
1746907640,8085,130043
1746907656,8083,130044
1746907744,8090,130166
1746907757,8090,130166
1746907818,8090,130166
1746907857,8092,130194
1746907913,8088,130199
1746907922,8091,130196
1746907931,8091,130203
1746907935,8091,130203
1746908055,8075,130098
1746908063,8056,130098
1746908080,8056,130066
1746908111,8056,129778
1746908120,8056,129777
1746908127,8058,129775
1746908136,8057,129775
1746908203,8006,129741
1746924127,8004,129744
1746924144,8004,129744
1746924217,8002,129702
1746924282,7953,129723
1746924301,7953,129723
1746924880,8009,130423
1746924885,8009,130402
1746925027,8039,130689
1746925035,8061,130918
1746925043,8078,131089
1746925070,8079,131102
1746925165,8091,131283
1746925175,8091,131283
1746925245,8092,131305
1746925263,8092,131305
1746925535,8114,131555
1746925544,8115,131577
1746925599,8117,131599
1746925634,8119,131621
1746925654,8116,131643
1746925663,8115,131644
1746925674,8116,131665
1746925692,8115,131688
1746925717,8120,131745
1746925725,8115,131750
1746925743,8116,131758
1746925766,8116,131574
1746925774,8116,131574
1746925830,8116,131574
1746925838,8115,131575
1746942411,8052,131031
1746942477,8052,131031
1746942565,8049,131034
1746942571,8049,131002
1746942583,8049,131002
1746943280,8138,131758
1746943307,8211,132574
1746943402,8215,132608
1746943493,8215,132623
1746943520,8215,132595
1746943528,8215,132595
1746943544,8217,132625
1746943563,8222,132614
1746943671,8206,132634
1746943694,8206,132634
1746943707,8203,132625
1746943720,8202,132625
1746944148,8223,132917
1746944182,8224,132951
1746944191,8224,132967
1746944209,8208,132967
1746944261,8200,132692
1746944264,8200,132672
1746944265,8200,132639
1746944267,8200,132639
1746944869,8258,133486
1746944894,8262,133479
1746944916,8262,132986
1746944923,8262,132986
1746944928,8262,132826
1746944932,8262,132826
1746944990,8262,132757
1746945014,8251,132750
1746945031,8221,132724
1746945061,8221,132685
1746945079,8221,132685
1746945130,8221,132688
1746945148,8243,132710
1746945172,8243,132571
1746945213,8243,132492
1746945235,8225,132494
1746945269,8224,132489
1746945276,8222,132461
1746945301,8220,132461
1746945347,8220,131765
1746945367,8220,131765
1746945377,8220,131765
1746945509,8232,131888
1746945653,8236,132054
1746945772,8281,132142
1746945872,8281,132244
1746945927,8297,132457
1746946039,8287,132360
1746946102,8287,132360
1746946154,8287,132378
1746946164,8287,132396
1746946238,8287,132396
1746946244,8287,132396
1746946268,8288,132408
1746946362,8304,132597
1746946370,8304,132597
1746946421,8305,132605
1746946456,8315,132651
1746946466,8317,132637
1746946502,8326,132701
1746946509,8328,132713
1746946515,8328,132692
1746946527,8330,132714
1746946547,8330,132714
1746946640,8330,132579
1746946669,8330,132558
1746946684,8330,132558
1746948408,8389,133496
1746948413,8389,133496
1746948540,8390,133508
1746948553,8391,133515
1746948566,8391,133515
1746948578,8391,133515
1746948607,8392,133529
1746948613,8392,133529
1746948648,8393,133537
1746948652,8393,133537
1746948680,8391,133537
1746948860,8386,133544
1746948912,8386,133544
1746948973,8385,133545
1746948988,8380,133551
1746949017,8378,133553
1746949110,8378,133508
1746949161,8378,133482
1746949188,8371,133489
1746949211,8349,133462
1746949229,8341,133442
1746949258,8341,133442
1746949334,8341,133452
1746949385,8341,133416
1746952968,8341,133416
1746953051,8342,133430
1746953931,8379,133653
1746953936,8379,133653
1746954061,8387,133620
1746954108,8388,133619
1746986028,8388,133619
1746995202,8399,133699
1746995218,8399,133698
1746995317,8406,133756
1746995354,8409,133936
1746995382,8410,133932
1746995409,8413,133952
1746995444,8414,133951
1746995453,8414,133932
1746995498,8429,133944
1746995510,8429,133944
1746995526,8429,133960
1746995709,8422,133474
1746995726,8422,133278
1746995755,8422,132987
1746995766,8422,132987
1746995809,8421,132988
1746995834,8415,132946
1746995849,8410,132947
1746995854,8410,132931
1746995866,8410,132894
1746995903,8408,132800
1746995910,8407,132800
1746995922,8405,132801
1746995935,8402,132801
1746995967,8402,132801
1746995978,8402,132801
1746996067,8402,132801
1746996154,8297,131849
1746996243,8297,131849
1746996421,8295,131936
1746996426,8295,131936
1746996492,8238,130581
1746996519,8238,130581
1746996569,8238,130562
1746996595,8238,130514
1746996613,8238,130469
1746996644,8236,130417
1746996683,8236,130392
1746996739,8241,130455
1746996779,8224,130472
1746996800,8207,130489
1746996822,8207,130489
1746996832,8207,130458
1746997112,8313,130701
1746997188,8333,130920
1746997205,8339,130988
1746997327,8357,131181
1746997354,8375,131352
1746997394,8391,131519
1746997426,8392,131530
1746997439,8393,131538
1746997487,8396,131584
1746997581,8396,131607
1746997604,8392,131578
1746997614,8392,131578
1746997679,8396,131634
1746997684,8396,131634
1746997750,8399,131720
1746997754,8399,131720
1746997862,8399,131720
1746998452,8458,131759
1746998485,8459,131762
1746998523,8458,131717
1746998562,8464,131785
1746998651,8460,131797
1746998717,8445,131750
1746998723,8445,131750
1746999617,8700,135520
1746999623,8700,135520
1746999628,8700,135520
1746999675,8706,135590
1746999701,8707,135594
1746999715,8708,135621
1746999742,8712,135613
1746999752,8713,135620
1746999759,8713,135620
1746999817,8712,135621
1746999913,8719,135761
1746999933,8718,135762
1746999945,8717,135763
1746999980,8711,135769
1747001084,8736,136298
1747001099,8736,136339
1747001129,8736,136339
1747001199,8736,136340
1747001253,8725,136400
1747001323,8711,136470
1747001377,8701,136532
1747001410,8690,136592
1747001466,8686,136666
1747001566,8687,136710
1747001575,8675,136727
1747001608,8664,136787
1747001645,8654,136855
1747001679,8645,136918
1747001707,8653,136974
1747001740,8643,137043
1747001750,8631,137060
1747002149,8620,137582
1747002207,8620,137582
1747002234,8620,137582
1747002244,8620,137584
1747002295,8622,137562
1747002334,8612,137621
1747002383,8615,137656
1747002461,8616,137691
1747002482,8616,137675
1747002520,8616,137635
1747002549,8616,137603
1747002557,8616,137595
1747002564,8616,137595
1747002572,8614,137582
1747002609,8612,137652
1747002740,8613,137677
1747002828,8604,137741
1747002858,8605,137763
1747002921,8609,137844
1747003077,8609,137844
1747003115,8611,137861
1747003200,8620,137956
1747003208,8609,137972
1747003213,8601,137963
1747003218,8601,137963
1747003247,8592,138029
1747003277,8582,138152
1747003307,8583,138188
1747003309,8583,138188
1747003527,8583,134616
1747003748,8584,134634
1747003830,8584,134634
1747003923,8588,134675
1747003978,8593,134705
1747003984,8593,134705
1747004017,8594,134717
1747004202,8594,134726
1747004269,8594,134728
1747007983,8609,134826
1747007993,8609,134826
1747008166,8616,134861
1747008176,8616,134861
1747008305,8615,134862
1747008447,8631,134876
1747008493,8632,134906
1747008508,8625,134947
1747008577,8625,134947
1747008821,8625,134947
1747009217,8627,134996
1747009333,8643,135141
1747009343,8643,135141
1747009424,8637,135172
1747009516,8638,135201
1747009623,8639,135225
1747009673,8639,135225
1747009690,8641,135246
1747009758,8641,135276
1747009856,8638,135278
1747009972,8640,135276
1747010000,8640,135276
1747010026,8639,135277
1747010076,8643,135304
1747010210,8648,135331
1747010264,8648,135331
1747010421,8648,135331
1747010488,8648,135331
1747010545,8648,135368
1747010559,8648,135368
1747010591,8648,135377
1747010597,8645,135364
1747010607,8645,135364
1747010657,8645,135364
1747010692,8645,135364
1747010714,8644,135365
1747010796,8644,135365
1747010945,8644,135365
1747011004,8644,135365
1747011061,8644,135365
1747011108,8644,135365
1747011136,8644,135365
1747011217,8644,135365
1747011261,8644,135365
1747011367,8644,135365
1747011500,8644,135365
1747011524,8644,135365
1747016189,8644,135365
1747016221,8644,135365
1747016229,8644,135365
1747016417,8647,135416
1747016436,8647,135416
1747016443,8647,135416
1747016465,8649,135437
1747016478,8649,135388
1747016492,8649,135388
1747016543,8653,135440
1747016551,8653,135452
1747016555,8652,135443
1747016641,8654,135438
1747016714,8671,135600
1747016758,8672,135621
1747016783,8672,135633
1747016792,8675,135633
1747016878,8676,135670
1747016925,8683,135780
1747016939,8683,135780
1747016989,8681,135782
1747017114,8694,135908
1747017127,8696,135902
1747017143,8696,135902
1747017213,8693,135905
1747017216,8692,135906
1747017236,8687,135911
1747017252,8687,135911
1747017337,8684,135914
1747017365,8683,135915
1747017410,8683,135801
1747017416,8683,135776
1747017465,8683,135825
1747017491,8683,135825
1747018027,8704,135708
1747020057,8846,136834
1747020084,8846,136834
1747020228,8860,136950
1747020298,8860,136950
1747020307,8860,136950
1747020361,8860,136950
1747020478,8864,136942
1747020483,8864,136942
1747020679,8881,137177
1747020715,8880,137134
1747020726,8880,137134
1747020833,8890,137304
1747020884,8875,137373
1747020907,8875,137373
1747020914,8875,137373
1747020958,8877,137437
1747020989,8877,137437
1747021279,8873,136193
1747021353,8873,136321
1747021695,8873,136321
1747021816,8887,136440
1747021824,8887,136427
1747021883,8893,136548
1747021896,8893,136548
1747022008,8896,136546
1747022020,8896,136546
1747022180,8895,136548
1747022209,8895,136548
1747031074,8895,136548
1747031233,8901,136635
1747031252,8901,136635
1747031345,8903,136639
1747031401,8905,136649
1747031505,8905,136649
1747031611,8911,136738
1747031635,8911,136753
1747031643,8911,136753
1747031817,8911,136751
1747031848,8911,136751
1747031983,8914,136814
1747032007,8914,136823
1747032017,8914,136823
1747032114,8907,136827
1747032312,8908,136843
1747032320,8908,136843
1747032413,8908,136843
1747032444,8906,136845
1747032453,8908,136876
1747032457,8908,136876
1747032463,8908,136876
1747032554,8908,136884
1747032558,8908,136884
1747032605,8910,136882
1747032714,8912,136937
1747032719,8911,136938
1747032722,8911,136938
1747069969,8911,136938
1747070782,8911,136958
1747070831,8911,136958
1747070850,8911,136958
1747070888,8911,136958
1747070903,8911,136958
1747071019,8913,137034
1747071048,8913,137034
1747071173,8913,137072
1747071245,8912,137073
1747071283,8913,137072
1747071293,8913,137072
1747071424,8913,137072
1747071464,8913,137075
1747071502,8913,137077
1747072857,8913,137092
1747092855,8913,137082
1747092916,8916,137095
1747092948,8916,137087
1747092959,8916,137076
1747092967,8917,137079
1747092979,8915,137085
1747093008,8913,137095
1747098003,8913,137085
1747098016,8913,136995
1747098092,8904,137003
1747098106,8902,137021
1747098127,8903,137042
1747098447,8902,137043
1747098454,8901,137044
1747098549,8832,137048
1747098585,8826,137049
1747098611,8826,137049
1747098676,8828,137078
1747098690,8827,137082
1747098698,8827,137082
1747098742,8827,137122
1747098841,8827,137140
1747098848,8825,137115
1747098883,8822,137118
1747098970,8818,137125
1747099126,8814,137184
1747099162,8814,137184
1747102195,8820,137244
1747104007,8819,137245
1747104394,8820,137252
1747104525,8827,137316
1747104574,8827,137316
1747104648,8835,137399
1747104693,8835,137399
1747104764,8837,137441
1747104768,8838,137444
1747104775,8840,137448
1747104806,8838,137436
1747104856,8839,137444
1747104880,8838,137445
1747104890,8838,137445
1747104959,8838,137449
1747104970,8838,137449
1747105051,8839,137462
1747105058,8840,137472
1747105089,8841,137484
1747105137,8841,137488
1747105174,8843,137512
1747105224,8843,137512
1747105352,8850,137622
1747105391,8854,137619
1747105397,8854,137619
1747105400,8854,137619
1747105417,8854,137619
1747105539,8858,137645
1747105555,8858,137645
1747105586,8860,137656
1747108241,8908,138054
1747108382,8891,138017
1747108391,8893,138056
1747108538,8880,138056
1747108636,8875,138091
1747108811,8876,138096
1747162890,8901,138237
1747162905,8900,138238
1747171825,8937,138813
1747171960,8937,138809
1747172021,8977,139241
1747172874,8932,138684
1747172930,8921,138692
1747173047,8921,138700
1747173065,8921,138701
1747173247,8946,138941
1747173269,8990,139334
1747173390,9001,139444
1747256667,8999,139479
1747256669,8998,139480
1747256731,8997,139481
1747256865,9007,139615
1747256875,9008,139627
1747256896,9009,139634
1747256981,9009,139634
1747257001,9008,139635
1747257025,9010,139689
1747257061,9011,139697
1747257076,9012,139705
1747257096,9013,139704
1747257182,9045,139736
1747257223,9045,139739
1747257242,9046,139770
1747257266,9047,139792
1747257298,9047,139795
1747257317,9048,139820
1747257336,9049,139840
1747257375,9051,139867
1747258760,9052,139894
1747258780,9052,139894
1747259066,9056,139896
1747259146,9060,139954
1747259214,9069,140067
1747259448,9072,140109
1747259466,9074,140121
1747259477,9074,140121
1747259509,9074,140121
1747259716,9075,140144
1747259831,9074,140145
1747259911,9075,140155
1747260063,9075,140155
1747260161,9075,140155
1747260356,9104,140579
1747260372,9104,140589
1747260391,9095,140600
1747260410,9095,140600
1747260463,9099,140645
1747260474,9099,140645
1747260608,9102,140662
1747260703,9102,140662
1747260726,9102,140662
1747260814,9102,140668
1747261082,9103,140679
1747261203,9103,140703
1747261240,9103,140715
1747261258,9103,140715
1747261312,9103,140715
1747261349,9105,140727
1747261374,9101,140711
1747261385,9097,140738
1747261453,9082,140825
1747261478,9074,140809
1747261510,9072,140800
1747261530,9071,140795
1747261541,9069,140791
1747261584,9059,140789
1747261602,9059,140789
1747261679,9105,140727
1747261689,9105,140727
1747262787,9105,140727
1747262806,9106,140697
1747262833,9106,140697
1747263077,9106,140697
1747265880,9106,140716
1747277304,9106,140690
1747282902,9107,140644
1747282910,9107,140644
1747289315,9109,140642
1747289321,9106,140645
1747289357,9106,140645
1747292176,9104,140649
1747292873,9114,140780
1747292885,9114,140780
1747293172,9116,140833
1747293187,9116,140823
1747293444,9123,140839
1747293902,9123,140857
1747295239,9123,140857
1747295334,9123,140857
1747295369,9123,140857
1747295465,9124,140855
1747295478,9123,140857
1747295556,9121,140857
1747295588,9121,140857
1747295609,9122,140857
1747295624,9123,140857
1747295647,9122,140869
1747295801,9123,140869
1747296724,9118,140849
1747298956,9118,140865
1747298973,9118,140865
1747298992,9118,140865
1747329531,9118,140865
1747329537,9118,140865
1747329597,9119,140878
1747329722,9123,140929
1747329795,9124,140951
1747329872,9130,141046
1747329888,9130,141048
1747329897,9126,141027
1747330108,9128,141047
1747330206,9131,141167
1747330284,9132,141184
1747330352,9132,141184
1747331150,9138,141269
1747331205,9141,141293
1747331250,9140,141293
1747331256,9140,141293
1747335129,9151,141522
1747335138,9149,141524
1747335244,9149,141524
1747335312,9157,141551
1747335327,9159,141570
1747335397,9158,141571
1747335492,9162,141534
1747335590,9165,141577
1747335659,9174,141591
1747335671,9175,141598
1747335674,9174,141599
1747335699,9174,141599
1747335903,9158,141573
1747335917,9157,141573
1747335920,9157,141573
1747336847,9163,141896
1747336985,9163,141916
1747337080,9163,141982
1747337152,9163,141982
1747337675,9163,142119
1747337866,9163,142119
1747338028,9163,142127
1747338132,9161,142129
1747353119,9161,142129
1747353132,9161,142129
1747366101,9196,142817
1747366262,9204,142897
1747366271,9205,142909
1747366337,9208,142914
1747366362,9208,142914
1747366635,9205,142917
1747366684,9204,142918
1747367092,9215,143057
1747367171,9218,143084
1747367344,9224,143157
1747367358,9227,143196
1747369464,9231,143180
1747369516,9232,143179
1747369520,9232,143179
1747373848,9246,143363
1747373855,9247,143384
1747426481,9297,143619
1747426773,9343,143947
1747426826,9343,143947
1747427414,9345,144159
1747427474,9345,144479
1747427513,9345,144651
1747427567,9345,144763
1747427670,9347,144965
1747427723,9349,145122
1747427987,9327,145122
1747428164,9327,145446
1747428185,9327,145558
1747428206,9327,145763
1747428209,9327,145763
1747428226,9327,145763
1747428606,9322,145840
1747428685,9321,145899
1747428784,9321,145858
1747428796,9321,145858
1747428918,9324,145927
1747428925,9324,145927
1747429294,9321,145841
1747429398,9321,145608
1747429501,9309,145551
1747429595,9309,145607
1747429606,9308,145596
1747429621,9308,145110
1747429641,9303,145140
1747429702,9300,145109
1747429714,9300,145109
1747429754,9300,143861
1747429807,9292,143884
1747429821,9289,143801
1747429830,9287,143797
1747429868,9283,143689
1747429879,9283,143689
1747429888,9283,143641
1747429896,9283,143641
1747430118,9328,143045
1747430141,9328,143043
1747430218,9319,143052
1747430307,9319,143075
1747430358,9327,143147
1747430376,9327,143147
1747430383,9331,143180
1747430576,9351,142908
1747430605,9350,142909
1747430630,9352,142945
1747430671,9352,142945
1747431833,9263,143712
1747431839,9262,143713
1747431852,9262,143713
1747432292,9262,143713
1747432560,9281,143848
1747432849,9339,144445
1747432983,9337,144426
1747433064,9346,144475
1747433073,9340,144457
1747433100,9344,144481
1747433106,9342,144482
1747433132,9341,144483
1747433141,9344,144508
1747433151,9344,144508
1747433163,9346,144507
1747433186,9345,144527
1747433192,9346,144546
1747433217,9346,144546
1747433415,9352,144636
1747433426,9353,144640
1747433449,9353,144640
1747433477,9355,144675
1747433491,9357,144694
1747433495,9356,144691
1747433501,9355,144687
1747433518,9350,144667
1747433534,9345,144652
1747433558,9350,144694
1747433565,9350,144694
1747433644,9351,144705
1747433659,9351,144705
1747433778,9352,144729
1747433850,9352,144729
1747433903,9352,144737
1747433938,9353,144753
1747433972,9354,144772
1747434041,9361,144834
1747441044,9362,144845
1747441387,9363,144861
1747442697,9364,144874
1747442704,9364,144875
1747442790,9365,144882
1747442860,9365,144882
1747442894,9366,144897
1747442956,9374,144948
1747442964,9373,144941
1747443030,9373,144942
1747443099,9374,144946
1747443147,9379,144982
1747443161,9382,145001
1747443174,9382,145001
1747443242,9382,145016
1747443280,9383,145029
1747443296,9383,145043
1747443432,9383,145076
1747443455,9383,145084
1747443490,9383,145097
1747443536,9388,145138
1747443572,9388,145138
1747443661,9391,145150
1747443770,9388,145150
1747443795,9388,145150
1747443807,9388,145150
1747443843,9388,145160
1747443850,9391,145160
1747443861,9391,145160
1747443864,9391,145160
1747454800,9409,145503
1747454809,9410,145516
1747454846,9413,145536
1747455022,9414,145631
1747455060,9415,145634
1747455093,9415,145634
1747455349,9415,145634
1747455479,9415,145634
1747455607,9418,145671
1747455795,9430,145795
1747455801,9430,145795
1747455805,9430,145795
1747455839,9430,145786
1747455918,9434,145838
1747461667,9437,145862
1747461729,9443,145945
1747461731,9443,145945
1747462017,9444,145955
1747462027,9444,145955
1747462057,9444,145955
1747462637,9444,145986
1747462813,9444,146028
1747462833,9444,146031
1747462893,9444,146029
1747463128,9445,146383
1747464090,9497,146648
1747464131,9496,146649
1747464139,9494,146651
1747515926,9494,146651
1747515940,9494,146651
1747516616,9496,146649
1747518303,9522,146829
1747518450,9528,146900
1747518455,9527,146896
1747518468,9528,146903
1747518508,9571,147372
1747518528,9572,147396
1747518624,9574,147467
1747518628,9574,147467
1747518755,9573,147468
1747518769,9572,147469
1747518783,9572,147469
1747518795,9574,147467
1747518804,9573,147468
1747518813,9574,147418
1747519184,9578,147603
1747519428,9578,147694
1747519680,9593,147880
1747519686,9593,147880
1747519701,9594,147912
1747519754,9594,147912
1747519840,9552,147917
1747519914,9552,147913
1747520174,9553,147912
1747595170,9595,147832
1747598752,9595,147832
1747599445,9599,147865
1747599604,9599,147865
1747600643,9602,147778
1747600714,9602,147778
1747600956,9602,147778
1747600986,9602,147092
1747601278,9612,147166
1747601357,9591,147207
1747601364,9591,147207
1747601402,9612,147166
1747601421,9591,147207
1747601446,9590,147208
1747601516,9589,147209
1747601528,9589,147209
1747601560,9588,147210
1747601571,9587,147211
1747601582,9586,147212
1747601651,9586,147033
1747601862,9590,147071
1747602147,9608,147200
1747602233,9608,147200
1747602639,9703,148825
1747602783,9687,148606
1747602973,9694,148660
1747603043,9694,148660
1747603114,9694,148660
1747603192,9694,148660
1747603307,9694,148660
1747603330,9694,148652
1747603334,9694,148652
1747603449,9697,148668
1747603502,9695,148639
1747603631,9711,148826
1747603879,9717,148891
1747603889,9717,148891
1747603967,9717,148891
1747604022,9730,149007
1747604044,9722,149031
1747604091,9722,149027
1747604292,9714,148951
1747604421,9714,148064
1747604489,9707,147983
1747604546,9705,147958
1747604563,9702,147920
1747604580,9702,147920
1747604721,9701,147921
1747604735,9700,147922
1747625117,9735,148555
1747625184,9733,148555
1747625189,9733,148555
1747625205,9733,148555
1747625221,9731,148557
1747625238,9730,148558
1747625252,9725,148563
1747625262,9724,148564
1747625272,9722,148566
1747625279,9721,148567
1747625289,9720,148568
1747625298,9719,148569
1747630194,9878,150960
1747701717,9774,149353
1747708914,9791,149380
1747709002,9791,149380
1747709155,9792,149413
1747709574,9795,149456
1747709620,9790,149461
1747709626,9790,149461
1747709780,9791,149464
1747710011,9790,149465
1747710213,9794,149461
1747710806,9814,149887
1747710831,9815,149910
1747710871,9833,150296
1747710884,9835,150344
1747710899,9836,150356
1747711910,9859,150535
1747711955,9860,150550
1747711961,9860,150550
1747711966,9860,150550
1747711993,9860,150550
1747712139,9863,150573
1747712147,9862,150573
1747712152,9863,150573
1747712172,9863,150573
1747712175,9863,150573
1747712200,9867,150603
1747712241,9870,150627
1747712291,9875,150659
1747712380,9880,150685
1747712408,9880,150685
1747712563,9888,150708
1747712567,9888,150708
1747712571,9887,150709
1747712582,9887,150709
1747713540,9893,150781
1747713577,9894,150809
1747713582,9897,150893
1747713708,9898,150906
1747713849,9909,151149
1747713861,9909,151149
1747713986,9913,151198
1747714005,9917,151241
1747714023,9917,151241
1747714079,9919,151260
1747714105,9921,151295
1747714128,9921,151331
1747715486,9921,151433
1747715512,9921,151433
1747715602,9925,151441
1747715619,9929,151449
1747715768,9929,151539
1747715833,9933,151648
1747715986,9934,151665
1747716731,9935,151680
1747716767,9937,151692
1747716816,9940,151710
1747717040,9951,151828
1747717051,9951,151828
1747717249,9967,151981
1747717252,9967,151981
1747717255,9967,151981
1747717300,9967,151981
1747717317,9967,151981
1747717320,9967,151981
1747788062,10028,152790
1747794054,10036,152869
1747794078,10040,152899
1747794136,10042,152923
1747794169,10044,152949
1747794184,10046,152975
1747794204,10046,151919
1747794239,10048,150990
1747794269,10049,150719
1747794363,10041,150803
1747794376,10041,150611
1747794402,10041,150570
1747794429,10039,150518
1747794478,10035,150407
1747794486,10033,150403
1747794572,10031,149750
1747794579,10029,149746
1747794581,10029,149746
1747794662,10029,149235
1747794673,10029,149235
1747794738,10027,148489
1747794742,10026,148486
1747794744,10026,148486
1747794753,10029,148493
1747794805,10028,148497
1747794859,10028,148358
1747794863,10026,148354
1747794887,10025,148147
1747794893,10025,148111
1747794898,10025,148111
1747794918,10012,148105
1747794937,9999,148105
1747794949,9999,148105
1747795003,9997,147598
1747795007,9995,147594
1747795014,9993,147524
1747795021,9991,147454
1747795025,9991,147454
1747795030,9991,147442
1747795055,9991,147401
1747797752,9991,146790
1747797772,9991,146790
1747797874,9991,146574
1747797920,9991,146574
1747798071,9989,146517
1747798111,9986,146546
1747798145,9987,146558
1747804502,9979,146564
1747804534,9983,146591
1747804536,9983,146591
1747804760,9985,146623
1747804942,9985,146623
1747805210,9985,146623
1747942721,9985,145460
1747943376,9985,145460
1747943598,9990,145507
1747943614,9990,145507
1747948543,9990,145507
1748039028,10265,149392
1748039183,10265,149392
1748039839,10272,149451
1748039854,10272,149451
1748042861,10434,151435
1748046647,10785,156443
1748047313,10779,156440
1748049279,10957,158656
1748049419,10965,158708
1748049752,10965,158708
1748049806,10965,158708
1748049989,10977,158697
1748050244,10977,158707
1748052017,10974,158709
1748052024,10974,158709
1748074567,10975,158709
1748074650,10974,158625
1748074657,10974,158625
1748074670,10974,158625
1748074695,10974,158625
1748074818,10976,158713
1748074855,10977,158728
1748074927,10978,158768
1748074951,10978,158746
1748075112,10985,158851
1748075179,10987,158884
1748075189,10987,158884
1748075232,10988,158901
1748075360,10988,158901
1748075426,10989,158928
1748076963,10991,158919
1748076968,10991,158921
1748077003,10991,158921
1748077165,10995,159067
1748077175,10995,159067
1748077278,10997,159077
1748077419,11008,159257
1748077425,11008,159219
1748077546,11008,159233
1748077844,11014,159282
1748077874,11014,159289
1748077907,11016,159323
1748077920,11016,159323
1748077974,11016,159323
1748077996,11017,159341
1748078091,11021,159380
1748078112,11021,159380
1748078141,11021,159381
1748078327,11022,159398
1748078334,11022,159396
1748078534,11022,159396
1748078547,11022,159428
1748078906,11030,159542
1748078938,11030,159572
1748078949,11030,159572
1748079132,11033,159594
1748079739,11031,159596
1748079754,11031,159596
1748079805,11031,159596
1748079961,11029,159503
1748079983,11030,159512
1748079989,11030,159512
1748117057,11030,159512
1748118323,11030,159512
1748134896,11030,159508
1748134937,11029,159497
1748134943,11029,159497
1748135175,11029,159508
1748135380,11030,159528
1748135391,11029,159529
1748135405,11029,159529
1748135459,11028,159530
1748135476,11028,159530
1748135604,11033,159627
1748135767,11033,159627
1748137298,11033,159627
1748217193,11040,159679
1748217640,11040,159678
1748217846,11040,159680
1748217913,11040,159677
1748218055,11048,159796
1748218586,11048,159796
1748222370,11166,161162
1748222374,11166,161162
1748222484,11174,161237
1748222497,11175,161249
1748222531,11176,161256
1748222573,11180,161316
1748222667,11180,161322
1748222694,11181,161345
1748222715,11179,161347
1748222825,11180,161355
1748222841,11183,161387
1748222850,11183,161387
1748222862,11184,161410
1748240236,11227,161731
1748240787,11283,162378
1748240816,11285,162399
1748240881,11290,162484
1748241030,11299,162543
1748241042,11299,162531
1748241086,11293,162525
1748241128,11293,162525
1748288558,11296,162549
1748288654,11298,162583
1748288664,11298,162583
1748288757,11299,162602
1748288766,11299,162602
1748288777,11299,162602
1748288832,11300,162601
1748288843,11300,162601
1748288884,11300,162610
1748288889,11300,162610
1748288939,11300,162610
1748288964,11300,162610
1748288968,11300,162610
1748289045,11300,162610
1748289087,11301,162614
1748289153,11301,162612
1748289188,11301,162612
1748289250,11301,162612
1748301922,11301,162612
1748302534,11312,162759
1748302592,11311,162778
1748302615,11312,162777
1748307311,11340,163253
1748307326,11340,163253
1748307408,11342,163281
1748307456,11342,163281
1748307517,11342,163281
1748313042,11343,163280
1748314947,11346,163328
1748315018,11359,163536
1748315046,11360,163553
1748315055,11360,163553
1748315093,11355,163560
1748315099,11355,163560
1748315214,11345,163574
1748315226,11339,163580
1748315978,11342,163644
1748316075,11344,163680
1748316090,11344,163680
1748316108,11344,163680
1748316160,11345,163698
1748317581,11348,163530
1748317662,11349,163467
1748317680,11349,163493
1748317734,11348,163493
1748317870,11375,163851
1748317911,11338,163937
1748317951,11350,164072
1748319136,11350,164085
1748327713,11350,164085
1748336885,11350,164085
1748336889,11350,164085
1748339714,11350,164101
1748339745,11350,164101
1748339790,11350,164101
1748339943,11351,164116
1748340049,11351,164148
1748382181,11354,164199
1748387603,11355,164217
1748387913,11356,164245
1748388190,11370,164453
1748395675,11383,164661
1748395950,11384,164685
1748396267,11397,164956
1748396474,11396,164953
1748396780,11399,165000
1748397016,11401,165037
1748397706,11405,165109
1748398140,11411,165293
1748398318,11413,165320
1748400957,11413,165320
1748404634,11457,166080
1748404937,11465,166188
1748477475,11490,167218
1748477673,11490,167221
1748477891,11491,167241
1748478217,11492,167271
1748479276,11492,167289
1748479441,11494,167319
1748479571,11496,167350
1748479652,11497,167382
1748479715,11498,167401
1748479740,11498,167401
1748479825,11500,167445
1748480095,11507,168041
1748480211,11511,168090
1748480770,11513,168332
1748481068,11513,168347
1748504003,11563,168797
1748504404,11587,169151
1748504428,11587,169151
1748504448,11588,169160
1748504476,11583,169104
1748504734,11583,169104
1748505072,11584,169166
1748505093,11584,169166
1748505254,11599,169265
1748505280,11599,169265
1748505340,11599,169265
1748505382,11600,169267
1748505430,11599,169252
1748505471,11600,169267
1748505519,11600,169267
1748506505,11575,169276
1748550213,11682,170192
1748550289,11682,170192
1748550609,11690,170249
1748550619,11690,170249
1748550639,11690,170264
1748553279,11690,170266
1748553388,11693,170382
1748554065,11702,170468
1748554076,11702,170468
1748554539,11687,170558
1748554587,11687,170143
1748563626,11725,170755
1748563720,11723,170769
1748563763,11723,170769
1748563781,11723,170769
1748563896,11724,170788
1748563927,11725,170806
1748563944,11725,170806
1748563991,11749,171178
1748564011,11745,171182
1748564058,11745,171182
1748564469,11747,171164
1748564661,11753,171301
1748564728,11753,171317
1748564792,11755,171367
1748564823,11755,171367
1748566137,11755,171367
1748566872,11755,171375
1748567824,11756,171393
1748568091,11772,171593
1748568216,11778,171755
1748568276,11781,171777
1748568378,11787,171821
1748569259,11863,173142
1748569338,11863,173151
1748569606,11863,173177
1748571315,11863,173145
1748571537,11864,173164
1748571615,11864,173164
1748585323,11864,173164
1748585389,11864,173190
1748585406,11864,173190
1748585443,11864,173190
1748585753,11860,173208
1748585779,11860,173208
1748642438,11860,173224
1748642615,11860,173225
1748642967,11860,173212
1748643323,11867,173426
1748643447,11867,173423
1748661033,11867,173426
1748661616,11886,173716
1748661663,11886,173716
1748661782,11887,173804
1748661873,11893,173839
1748818935,11917,172730
1748819036,11917,172730
1748819148,11916,172731
1748819733,11926,172834
1748839948,11926,172834
1748918483,11931,172973
1748922273,12188,176147
1748922299,12187,176148
1748922315,12186,176149
1748922384,12189,176180
1748941555,12192,176337
1748941619,12192,176362
1748941634,11966,173703
1748941655,11964,173705
1748941676,11964,173705
1748941819,11947,173758
1748941904,11930,173809
1748942100,11913,173835
1748942460,11844,173969
1748942737,11836,173649
1748943058,11836,173702
1748943200,11823,173520
1748943346,11822,173565
1748943396,11815,173525
1748943597,11773,173430
1748943799,11754,173401
1748944028,11748,173446
1748944372,11653,172114
1748976791,11625,172001
1748978899,11626,172031
1748989030,11617,172132
1748989511,11617,172170
1748989562,11610,172142
1748993904,11610,172142
1748993926,11610,172142
1748993987,11584,172142
1748994012,11581,172142
1748994032,11581,172142
1748994061,11567,172145
1748994074,11566,172146
1748994091,11549,172148
1748994102,11548,172148
1748994140,11530,172142
1748994150,11529,172142
1748994163,11528,172143
1748994209,11527,172144
1748994239,11518,172144
1748996949,11518,172144
1748996968,11517,172145
1748996982,11516,172146
1748996999,11515,172147
1748997006,11514,172148
1748997039,11513,172150
1748997051,11512,172151
1748997063,11511,172152
1748997077,11510,172153
1748997087,11510,172153
1748997153,11497,172156
1748997169,11497,172156
1748997192,11497,172156
1748997207,11497,172156
1748997245,11496,172157
1748997257,11495,172158
1748997296,11493,172159
1748997312,11491,172160
1748999043,11475,172176
1748999052,11475,172176
1748999057,11475,172176
1748999076,11473,172177
1748999084,11473,172177
1748999157,11473,172177
1748999257,11451,172222
1748999279,11450,172223
1748999294,11450,172223
1748999301,11450,172223
1748999409,11436,172147
1748999429,11426,172147
1748999452,11410,172148
1748999501,11410,172148
1748999532,11400,172142
1748999892,11389,172017
1748999921,11386,172020
1748999968,11389,172033
1749000143,11388,172033
1749000310,11380,172058
1749000429,11380,172058
1749000539,11367,171670
1749000697,11323,171801
1749000772,11323,171610
1749001107,11298,171367
1749001265,11289,171264
1749001322,11286,171243
1749001632,11286,171203
1749003137,11274,171148
1749004365,11074,169908
1749006067,11074,169900
1749105695,11052,169707
1749109787,11052,169707
1749112027,11068,170383
1749112209,11066,170383
1749112231,11065,170382
1749112252,11065,170382
1749147355,11065,170382
1749148306,11065,170382
1749151433,10959,163038
1749156595,10928,163068
1749156775,10920,162798
1749157131,10920,162784
1749157186,10922,162783
1749162707,10872,164089
1749163879,10873,164088
1749163927,10874,164105
1749165126,10880,164221
1749165157,10884,164217
1749165184,10884,164217
1749165203,10885,164216
1749165228,10885,164047
1749165270,10900,164055
1749165437,10899,164054
1749165462,10898,164055
1749165498,10849,164067
1749165543,10850,164098
1749165564,10846,164102
1749166683,10956,163683
1749166769,10956,163683
1749167066,10935,163546
1749167566,10946,163713
1749167742,10946,163713
1749167981,10945,163714
1749168059,10945,163714
1749168247,10941,163754
1749168690,10938,163751
1749168808,10935,163726
1749169030,10936,163874
1749169127,10935,163876
1749169384,10913,163757
1749169884,10922,163931
1749170030,10887,163841
1749170070,10881,163847
1749170103,10881,163774
1749170323,10878,163827
1749170417,10878,163677
1749170463,10878,163677
1749170513,10878,163677
1749170589,10878,163654
1749170724,10894,163672
1749170751,10894,163672
1749170840,10894,163672
1749170857,10894,163672
1749170912,10894,163672
1749171191,10885,163685
1749196020,10775,163437
1749196052,10775,163437
1749240768,10775,163435
1749247653,10775,163435
1749248015,10763,163412
1749248154,10730,163332
1749249127,10753,163604
1749249273,10760,163662
1749249754,10784,164107
1749250081,10798,164333
1749250174,10798,164333
1749250292,10805,164418
1749250697,10825,164636
1749250725,10825,164636
1749250818,10825,164639
1749250844,10825,164639
1749250875,10825,164642
1749250904,10827,164676
1749250976,10827,164679
1749251104,10833,164746
1749251173,10823,164775
1749251211,10824,164774
1749251584,10821,164783
1749251616,10822,164790
1749251644,10822,164790
1749251675,10822,164789
1749251701,10822,164789
1749251849,10827,164878
1749251912,10827,164888
1749251944,10827,164888
1749252399,10828,164887
1749254572,10838,164935
1749255083,10848,165061
1749255565,10846,164964
1749255632,10846,164983
1749255789,10854,165109
1749255857,10870,165320
1749255892,10870,165320
1749255955,10870,165320
1749255971,10870,165320
1749256040,10870,165320
1749256084,10869,165322
1749256091,10869,165322
1749256178,10873,165371
1749256296,10870,165373
1749256482,10872,165548
1749256566,10872,165524
1749256610,10873,165530
1749256632,10873,165528
1749256653,10873,165534
1749256831,10876,165613
1749256994,10883,165731
1749257023,10884,165745
1749258111,10884,165772
1749258345,10887,165854
1749259036,10897,166085
1749259091,10897,166085
1749373151,11021,167693
1749424628,11022,167697
1749425073,11021,167698
1749427926,11038,168363
1749428025,11040,168388
1749428096,11041,168405
1749428268,11042,168451
1749428337,11041,168448
1749428402,11041,168466
1749429296,11041,168466
1749430188,11090,169122
1749431641,11098,169398
1749431745,11098,169398
1749431961,11104,169457
1749431995,11105,169472
1749432749,11130,169733
1749433117,11158,170019
1749434731,11167,170038
1749434765,11166,170031
1749434825,11166,170031
1749435199,11185,170313
1749435403,11200,170433
1749435475,11201,170441
1749435552,11202,170449
1749435642,11207,170468
1749436000,11219,170561
1749436078,11219,170561
1749436216,11221,170584
1749436917,11223,170609
1749436986,11234,170751
1749437594,11240,170805
1749439559,11240,170805
1749439854,11252,170901
1749440199,11252,170901
1749440268,11255,170919
1749440342,11254,170913
1749440542,11256,170928
1749441815,11260,170958
1749441895,11261,170972
1749441915,11262,170971
1749441962,11262,170971
1749442002,11262,170971
1749442239,11262,170971
1749442257,11262,170971
1749442373,11262,170971
1749442467,11263,170970
1749442498,11262,170971
1749442590,11263,170978
1749442748,11263,170978
1749443434,11268,171273
1749443503,11268,171273
1749443538,11268,171273
1749443592,11268,171273
1749443599,11268,171273
1749443713,11257,171290
1749443989,11231,171316
1749444405,11234,171302
1749444799,11229,171513
1749444856,11230,171512
1749444926,11231,171519
1749444966,11232,171526
1749444990,11229,171543
1749445006,11229,171543
1749445246,11222,171037
1749445485,11247,171012
1749445585,11248,171020
1749445859,11267,171019
1749495443,11288,171247
1749495499,11288,171247
1749495998,11292,171280
1749496166,11288,171284
1749497150,11288,171262
1749497201,11289,171277
1749523365,11287,170500
1749523408,11287,170500
1749523791,11289,170462
1749523806,11288,170463
1749523835,11289,170463
1749523847,11287,170465
1749523857,11286,170466
1749523867,11285,170467
1749523883,11284,170468
1749523902,11272,170468
1749523921,11261,170469
1749529209,11261,170469
1749529262,11260,170470
1749529455,11259,170471
1749529486,11259,170471
1749529742,11259,170471
1749532152,11185,169379
1749532228,11185,169180
1749532768,11179,168922
1749533639,11099,167930
1749533663,11086,167930
1749533692,11064,167929
1749533773,11061,167810
1749533853,11062,167820
1749533975,11062,167820
1749534023,11062,167823
1749534089,11062,167823
1749567758,11062,167859
1749591590,11057,167838
1749592445,11069,167985
1749592687,11069,167985
1749593103,11077,168165
1749699266,11121,166600
1749700448,11031,165184
1749707510,11033,165386
1749708181,11038,165422
1749708288,11038,165418
1749708493,11039,165456
1749708560,11044,165517
1749708635,11044,165517
1749709763,11044,165709
1749710417,11052,165639
1749710542,11052,165639
1749711851,11051,165856
1749712422,11049,165842
1749713432,11054,165739
1749721896,11054,165734
1749721914,11054,165734
1749722052,11053,165802
1749722239,11053,165802
1749722562,11055,165874
1749722611,11055,165920
1749722642,11055,165874
1749722651,11055,165874
1749722740,11055,165896
1749723439,11059,165991
1749723458,11059,165991
1749723643,11056,166114
1749724701,11123,167101
1749724737,11123,167101
1749725071,11127,167022
1749725266,11128,167031
1749726314,11142,167301
1749726337,11142,167301
1749726465,11143,167308
1749726539,11143,167306
1749726589,11140,167296
1749726616,11138,167298
1749727006,11138,167188
1749727851,11178,167714
1749727983,11156,167400
1749857281,11194,167979
1749857586,11196,167982
1749857638,11197,167993
1749857728,11198,168010
1749858047,11213,168211
1749858084,11213,168211
1749858160,11219,168222
1749858197,11221,168240
1749858302,11223,168276
1749858360,11225,168304
1749858395,11226,168304
1749858432,11227,168314
1749861004,11268,168797
1749861252,11269,168810
1749862861,11304,169270
1749863399,11314,169341
1749863468,11313,169342
1749863470,11313,169342
1749863502,11313,169339
1749863625,11315,169351
1749863776,11315,169351
1749864083,11318,169372
1749864155,11317,169373
1749864200,11317,169373
1749865041,11321,169602
1749865327,11321,169618
1749865696,11323,169638
1749865941,11324,169694
1749866681,11382,170624
1749866715,11385,170650
1749867148,11390,170800
1749867441,11412,170823
1749867798,11411,170824
1749868053,11412,170827
1749871384,11509,172022
1749871472,11513,172069
1749871563,11514,172072
1749871797,11521,172179
1749872728,11588,173056
1749873707,11589,173339
1749873740,11589,173351
1749924765,11589,173351
1749924900,11590,173358
1749925163,11592,173372
1749925260,11581,173382
1749927191,11584,173476
1749927478,11584,173476
1749928006,11584,173482
1749929560,11584,173482
1749950228,11578,173420
1749950246,11577,173421
1749950298,11579,173423
1749950428,11575,173443
1749950445,11575,173468
1749950473,11575,173502
1749950485,11574,173502
1749964322,11579,173320
1749964394,11579,173320
1749964686,11580,173351
1749965123,11585,173370
1749965252,11580,173450
1749965334,11580,173447
1749965387,11580,173447
1749965411,11580,173450
1749965682,11582,173517
1749965816,11590,173583
1749965906,11589,173622
1749966177,11611,173708
1749966234,11611,173708
1749966342,11612,173718
1749966446,11613,173730
1750027181,11614,173759
1750061335,11614,173758
1750194637,11614,173758
1750195279,11633,173831
1750195311,11633,173831
1750195362,11637,173839
1750195448,11637,173840
1750195523,11637,173840
1750195690,11637,173861
1750195796,11637,173878
1750196045,11643,173960
1750196088,11643,173960
1750198259,11643,173960
1750198310,11644,173978
1750198365,11644,173978
1750198588,11644,174003
1750198724,11649,174015
1750198755,11650,174014
1750203487,11650,174014
1750203546,11652,174024
1750210613,11654,174036
1750211680,11655,174035
1750281201,11654,174036
1750281394,11658,174056
1750284058,11682,174079
1750284113,11686,174087
1750284282,11693,174096
1750284425,11692,174091
1750284468,11692,174091
1750288466,11692,174091
1750288557,11697,174101
1750288728,11704,174183
1750288758,11704,174181
1750288827,11705,174187
1750288955,11711,174206
1750290082,11711,174206
1750290131,11711,174206
1750290256,11713,174214
1750290388,11717,174282
1750290511,11717,174370
1750290566,11717,174363
1750290640,11718,174294
1750290691,11718,174318
1750290780,11718,174324
1750290810,11719,174338
1750290842,11719,174354
1750290890,11719,174354
1750290974,11719,174398
1750291003,11719,174398
1750305039,11810,174722
1750305318,11810,174739
1750305337,11810,174739
1750305401,11810,174755
1750305560,11800,174772
1750310110,11800,174772
1750311898,11802,174756
1750312502,11806,175022
1750312511,11806,175022
1750313555,11847,174721
1750313840,11888,175295
1750313938,11888,175283
1750314007,11888,175284
1750314770,11828,173764
1750359308,11828,173764
1750359449,11828,173764
1750361243,11931,174918
1750361307,11931,174918
1750361350,11931,174918
1750363515,12055,176693
1750363935,12113,176436
1750364355,12113,176423
1750374860,12113,176423
1750374942,12121,176517
1750374988,12125,176585
1750375196,12124,176412
1750375282,12122,176460
1750375316,12121,176470
1750375333,12120,176480
1750375337,12120,176480
1750375373,12119,176480
1750375393,12118,176481
1750375480,12115,176484
1750375484,12115,176484
1750375517,12112,176487
1750375528,12110,176489
1750375532,12110,176489
1750464843,4128,55833
1750465527,4128,55833
1750465769,4089,55512
1750466174,4089,55512
1750467950,4089,55512
1750522688,4089,55512
1750523631,4089,55503
1750561072,4090,55507
1750562901,4091,55579
1750562963,4091,55579
1750562992,4091,55579
1750563107,4091,55579
1750563146,4091,55579
1750563203,4091,55579
1750563284,4091,55579
1750563344,4091,55579
1750563402,4091,55579
1750563518,4091,55579
1750563705,4091,55579
1750563790,4091,55579
1750563874,4091,55579
1750563908,4091,55579
1750563935,4091,55579
1750564014,4091,55579
1750564082,4091,55579
1750564114,4091,55579
1750564203,4091,55579
1750564318,4091,55579
1750564395,4091,55579
1750564446,4091,55579
1750564556,4091,55579
1750564595,4091,55579
1750564679,4091,55579
1750565299,4091,55557
1750565483,4091,55557
1750565591,4091,55557
1750569282,4091,55557
1750569347,4091,55557
1750569429,4091,55557
1750605072,4091,55557
1750605082,4091,55557
1750608528,4090,55557
1750609579,4090,55557
1750609739,4090,55557
1750609863,4090,55557
1750610040,4090,55557
1750610091,4090,55557
1750610144,4090,55557
1750610297,4097,55589
1750610304,4097,55589
1750610327,4097,55589
1750610451,4097,55589
1750610494,4097,55589
1750610544,4097,55589
1750610667,4098,55589
1750610687,4098,55589
1750610701,4098,55589
1750610845,4096,55591
1750610968,4096,55591
1750611022,4096,55591
1750611105,4096,55591
1750611146,4096,55591
1750611212,4096,55591
1750611297,4097,55603
1750611372,4097,55603
1750623219,4077,55551
1750623381,4077,55551
1750623389,4077,55551
1750629819,4077,55551
1750629946,4077,55551
1750630064,4077,55551
1750632282,4077,55551
1750633014,4080,55627
1750633051,4080,55627
1750633130,4082,55653
1750633190,4084,55667
1750633281,4084,55667
1750633290,4084,55667
1750633430,4084,55667
1750633438,4084,55667
1750633515,4084,55667
1750633546,4084,55667
1750633570,4084,55667
1750633712,4084,55667
1750633729,4084,55667
1750633745,4084,55667
1750633777,4084,55667
1750633788,4084,55667
1750633861,4084,55667
1750633930,4084,55667
1750634099,4084,55667
1750634387,4084,55667
1750634477,4084,55667
1750635258,4084,55667
1750636851,4084,55667
1750636984,4083,55668
1750637065,4083,55506
1750638257,4091,55532
1750638285,4091,55532
1750638316,4091,55532
1750638338,4091,55532
1750638404,4091,55532
1750638424,4091,55532
1750640004,4091,55532
1750640024,4091,55532
1750640219,4091,55532
1750640528,4091,55532
1750640593,4091,55532
1750640615,4091,55532
1750640650,4091,55532
1750640702,4091,55532
1750640720,4091,55532
1750640743,4091,55532
1750641082,4091,55532
1750641264,4091,55532
1750641287,4091,55532
1750641301,4091,55532
1750641367,4091,55532
1750641392,4091,55532
1750641438,4091,55532
1750641487,4091,55532
1750641503,4091,55532
1750641527,4091,55532
1750641620,4093,55569
1750641660,4093,55569
1750641713,4092,55569
1750641842,4092,55569
1750641871,4092,55569
1750641893,4092,55569
1750644624,12736,55582
1750701126,12679,55582
1750701141,12678,55582
1750701639,12679,55582
1750701727,12673,55582
1750701770,12676,55582
1750701811,12675,55582
1750732324,12429,55582
1750889252,12311,55585
1750890011,12311,55585
1750890518,12131,55572
1750891485,12132,55573
1750892014,12132,55573
1750892049,12132,55573
1750892247,12136,55573
1750892305,12136,55573
1750892333,12136,55573
1750892359,12136,55573
1750892822,12077,55578
1750892846,12075,55578
1750893257,11938,55578
1750893573,11590,55366
1750893688,11578,55366
1750894218,11412,55228
1750894241,11407,55228
1750894392,11302,55228
1750899325,11328,55900
1750899611,11328,54909
1750899742,11335,54909
1750902463,11335,54909
1752038975,10000,51648
1752039272,9987,51648
1752039686,10043,51749
1752040035,10097,51827
1752040153,10100,51827
1752043825,10073,51827
1752044279,10067,51825
1752044866,10077,51713
1752044954,10080,51713
1752045041,10079,51713
1752045081,10080,51713
1752045120,10077,51713
1752045179,10081,51713
1752045184,10081,51713
1752045234,10082,51713
1752045261,10083,51713
1752045384,10101,51713
1752045820,10105,51764
1752045856,10108,51764
1752045888,10105,51764
1752045905,10108,51764
1752045985,10108,51764
1752046059,10099,51764
1752046433,10099,51764
1752046457,10102,51764
1752046538,10102,51764
1752046610,10102,51764
1752047384,10067,51870
1752047835,10079,51863
1752080381,10079,51863
1752081402,10117,51976
1752081577,10119,51976
1752081600,10113,51976
1752081719,10113,51976
1752081757,10113,51976
1752081998,10125,51976
1752082164,10126,51976
1752082504,10137,52094
1752082614,10144,52094
1752082701,10145,52094
1752082755,10152,52094
1752083596,10167,52094
1752083621,10164,52094
1752083705,10164,52094
1752104237,10164,52094
1752104255,10164,52094
1752104307,10164,52094
1752104415,10179,52094
1752104454,10179,52094
1752106849,10179,52094
1752106868,10179,52094
1752106891,10179,52094
1752106912,10179,52094
1752110523,10182,52094
1752110586,10182,52094
1752110605,10182,52094
1752110647,10182,52094
1752110664,10182,52094
1752110693,10183,52094
1752110709,10183,52094
1752110722,10183,52094
1752110784,10183,52094
1752110804,10183,52094
1752110824,10183,52094
1752110888,10186,52094
1752112472,10032,51853
1752112620,10011,51734
1752112644,10010,51734
1752112659,10009,51734
1752112681,10007,51734
1752112816,10006,51734
1752112907,10004,51734
1752113407,10000,51734
1752113468,10001,51734
1752113831,9966,51734
1752115565,9966,51734
1752115748,9966,51734
1752126943,9966,51734
1752127193,9963,51671
1752165109,9912,51671
1752166805,9912,51671
1752167656,9912,51677
1752169153,9920,51741
1752169253,9921,51741
1752170096,9927,51795
1752255722,9928,51795
1752255828,9926,51797
1752255870,9926,51797
1752255980,9920,51803
1752256058,9918,51805
1752256114,9915,51808
1752256261,9906,51770
1752256304,9907,51770
1752257491,9907,51770
1752363047,9915,51762
1752363229,9915,51762
1752363819,9919,51764
1752369735,9919,51764
1752370653,9919,51764
1752370758,9919,51764
1752454954,9919,51764
1752455080,9919,51763
1752455185,9919,51763
1752455270,9919,51763
1752455308,9919,51763
1752455328,9919,51763
1752455412,9917,51763
1752455456,9919,51763
1752455471,9919,51763
1752455531,9878,51763
1752455667,9888,51763
1752455720,9887,51763
1752455776,9887,51763
1752455805,9887,51763
1752455827,9887,51763
1752455865,9887,51763
1752455880,9887,51763
1752455911,9887,51763
1752455941,9887,51763
1752456001,9885,51763
1752456034,9885,51763
1752456082,9885,51763
1752456112,9885,51763
1752456138,9885,51763
1752456150,9885,51763
1752456215,9885,51763
1752456230,9885,51763
1752456294,9885,51763
1752456315,9885,51763
1752456327,9885,51763
1752456348,9885,51763
1752456371,9885,51763
1752456504,9883,51763
1752456525,9883,51763
1752456607,9883,51763
1752456666,9883,51763
1752518454,9883,51763
1752518657,9882,51763
1752518783,9882,51763
1752519594,9882,51763
1752519895,9882,51763
1752520615,9885,51782
1752520624,9885,51782
1752522014,9911,51943
1752522142,9949,51943
1752522211,9949,51943
1752522902,10005,51969
1752523390,9999,51969
1752523609,10002,51969
1752523640,10003,51969
1752523677,10003,51969
1752524850,9988,51976
1752526417,9991,51986
1752526470,9992,51986
1752526936,9995,51986
1752527061,9995,51986
1752528053,9990,51986
1752528106,9990,51986
1752528189,9990,51986
1752528351,9993,51986
1752528440,9994,51986
1752528726,9996,51986
1752529170,9944,51986
1752535258,9966,51986
1752535316,9965,51986
1752535574,9962,51986
1752535699,9965,51986
1752536227,9865,51986
1752536372,9865,51986
1752536448,9865,51986
1754152692,9865,51986
1756326398,9865,51986
1756327221,9849,52007
1756327796,9839,52006
1756327807,9839,52006
1756327995,9839,52006
1756401006,9883,52006
1756401933,9878,52017
1756403871,9927,52090
1756404755,9996,52006
1756670515,9727,52006
1756760804,9727,52006
1756770177,9728,52002
1756772124,9733,52002
1756772399,9731,52002
1756774902,9741,51910
1756776146,9754,51910
1756777703,9754,51910
1756778279,9759,51910
1756778344,9759,51910
1756778429,9762,51910
1756778461,9762,51910
1756778477,9762,51910
1756778937,9783,51910
1756779430,9793,51910
1756779525,9793,51910
1756779668,9801,51910
1756779704,9801,51910
1756779742,9801,51910
1756779799,9801,51910
1756779834,9801,51910
1756779858,9799,51910
1756780309,9800,51910
1756780422,9800,51910
1756780496,9800,51910
1756780548,9801,51910
1756780594,9801,51910
1756780917,9802,51910
1756780945,9802,51910
1756781012,9803,51910
1756781388,9803,51910
1756781466,9802,51910
1756781653,9804,51910
1756781716,9806,51910
1756781792,9808,51910
1756781854,9810,51910
1756781952,9811,51910
1756782230,9816,51910
1756782281,9816,51910
1756782313,9816,51910
1756822182,9817,51910
1756822204,9817,51910
1756831624,9817,51910
1756834030,8841,51910
1756834342,8841,51910
1756834389,8843,51910
1756834480,8844,51910
1756834763,8848,51910
1756834936,8847,51910
1756835101,8847,51910
1756835109,8848,51910
1756835198,8851,51910
1756835359,8855,51910
1756835422,8853,51910
1756835790,8856,51912
1756835896,8859,51912
1756835989,8857,51912
1756836981,8837,51925
1756839217,8856,51938
1756839584,8865,51991
1756840418,8865,51991
1756840719,8863,51991
1756840967,8869,52012
1756841021,8869,52012
1756841147,8873,52012
1756909176,8881,52058
1756909212,8881,52058
1756928190,8882,52031
1756928379,8882,52031
1756933173,8961,52135
1756934848,8967,52132
1756935163,8969,52132
1756935217,8971,52132
1756935528,8972,52135
1756935536,8972,52135
1756935972,8962,52136
1756936384,8964,52136
1756936470,8965,52136
1756937481,8965,52133
1756937599,8963,52133
1756937656,8965,52133
1756937715,8965,52133
1756937753,8966,52133
1756937999,8955,52154
1756938052,8955,52154
1756938136,8958,52154
1756938163,8958,52154
1756938332,8959,52154
1756938401,8959,52153
1756938477,8959,52153
1756938519,8959,52153
1756938697,8964,52154
1756940132,8972,52103
1756940308,8804,51672
1757025034,8804,51693
1757025047,8804,51693
1757025059,8804,51693
1757025212,8787,51693
1757025255,8787,51693
1757030391,8771,51714
1757031319,8775,51736
1757031332,8775,51736
1757033108,8538,51736
1757033274,8505,51727
1757043306,8504,51556
1757044794,8504,51556
1757045181,8509,51618
1757045831,8515,51574
1757095710,8440,51468
1757096394,8486,51534
1757096747,8477,51534
1757097130,8485,51534
1757097225,8490,51534
1757097310,8493,51534
1757097343,8494,51534
1757097377,8494,51534
1757097390,8494,51534
1757097409,8494,51534
1757097431,8494,51534
1757097452,8494,51534
1757097525,8495,51534
1757097569,8497,51534
1757097613,8497,51534
1757097773,8497,51534
1757097828,8497,51534
1757097885,8497,51534
1757097922,8497,51534
1757097950,8497,51534
1757097998,8497,51534
1757098025,8497,51534
1757098090,8498,51534
1757098113,8498,51534
1757098783,8508,51534
1757098845,8508,51534
1757098959,8509,51534
1757099086,8502,51534
1757099104,8502,51534
1757099199,8503,51534
1757099405,8503,51534
1757099576,8507,51534
1757099631,8507,51534
1757099884,8523,51546
1757199036,8528,51554
1757199402,8529,51554
1757199423,8529,51554
1757199513,8529,51554
1757203147,8542,51552
1757203209,8546,51552
1757203239,8546,51552
1757203303,8548,51552
1757203317,8548,51552
1757203423,8550,51552
1757203618,8557,51552
1757203693,8561,51552
1757207132,8561,51552
1757207154,8560,51552
1757207306,8561,51552
1757207473,8561,51552
1757207615,8561,51552
1757207651,8528,51552
1757207674,8495,51552
1757207726,8464,51552
1757207793,8464,51552
1757207833,8449,51552
1757207856,8452,51552
1757207915,8452,51552
1757207934,8446,51552
1757207946,8445,51552
1757207953,8445,51552
1757208040,8447,51543
1757208129,8450,51508
1757208153,8450,51508
1757263650,8450,51508
1757266895,8451,51508
1757267006,8451,51508
1757267049,8451,51508
1757439997,8451,51508
1757440830,8468,51729
1757440938,8468,51735
1757441265,8470,51600
1757441282,8470,51600
1757441494,8471,51600
1757441500,8471,51600
1757442898,8471,51600
1757442929,8471,51600
1757442936,8471,51600
1757442963,8471,51600
1757442987,8471,51600
1757443010,8471,51600
1757443034,8471,51600
1757443079,8468,51600
1757443110,8466,51600
1757443135,8465,51600
1757443838,8465,51600
1757443853,8464,51600
1757443877,8463,51600
1757443901,8462,51600
1757443951,8460,51600
1757443972,8460,51600
1757443988,8459,51600
1757444081,8454,51600
1757444126,8452,51600
1757444141,8452,51600
1757444222,8451,51600
1757445212,8465,51600
1757445356,8466,51600
1757446890,8499,51623
1757446927,8499,51623
1757447447,8508,51623
1757449534,8518,51623
1757450366,8529,51654
1757450389,8529,51654
1757451242,8529,51654
1757451330,8531,51654
1757451805,8558,51654
1757451985,8557,51654
1757519213,8557,51654
1757521221,8557,51654
1757521441,8555,51654
1757521616,8555,51654
1757521673,8553,51654
1757521858,8568,51654
1757521949,8568,51654
1757522024,8568,51654
1757522167,8568,51654
1757522200,8568,51654
1757522310,8568,51654
1757522342,8568,51654
1757522382,8568,51654
1757522509,8568,51654
1757522594,8568,51654
1757522668,8568,51654
1757522700,8568,51654
1757522843,8568,51654
1757522951,8568,51654
1757524784,8583,51654
1757524889,8580,51654
1757525029,8570,51654
1757525052,8569,51654
1757525070,8564,51654
1757525233,8564,51654
1757525297,8568,51654
1757525400,8569,51654
1757525431,8569,51654
1757525603,8565,51654
1757525988,8564,51654
1757779397,8561,51654
1757779593,8559,51654
1757779636,8558,51654
1757779682,8557,51654
1757779766,8552,51654
1757779782,8552,51654
1757779867,8550,51654
1757779934,8550,51654
1757779985,8549,51654
1757780026,8548,51654
1757780278,8544,51680
1757780510,8537,51680
1757780594,8531,51686
1757780715,8515,51686
1757780810,8508,51686
1757780875,8507,51686
1757784295,8598,51686
1757784332,8597,51686
1757784378,8597,51686
1757784986,8597,51686
1757962135,8699,52156
1757963663,8709,52196
1757967679,8678,52503
1757967829,8684,52502
1757968565,8741,52674
1757968891,8754,52680
1757969578,8755,52680
1758046643,8726,52681
1758163252,8705,52682
1758166511,8653,52683
1758213026,8617,52684
1758214112,8617,52684
1758214866,8570,52685
1758215466,8525,52688
1758215518,8525,52688
1758238872,8525,52586
1758238961,8525,52586
1758241192,8527,52586
1758241265,8529,52586
1758241507,8533,52586
1758241587,8537,52586
1758241650,8538,52586
1758241722,8541,52586
1758242214,8542,52586
1758242289,8543,52586
1758242396,8545,52586
1758242479,8545,52586
1758242491,8545,52586
1758303477,8545,52571
1758303665,8556,52837
1758303740,8556,52837
1758303780,8556,52837
1758303788,8556,52837
1758303829,8556,52837
1758303862,8556,52837
1758303869,8556,52837
1758303898,8556,52837
1758303918,8556,52837
1758303954,8556,52837
1758303994,8556,52837
1758304017,8556,52837
1758310225,8509,52838
1758310651,8460,52839
1758311260,8409,52191
1758362559,8357,52118
1758363628,8307,52043
1758363646,8307,52043
1758363778,8299,52011
1758363968,8249,51877
1758368013,8239,51877
1758368279,8226,51853
1758368964,8147,51854
1758368995,8147,51854
1758641662,8099,51810
1758642128,8039,51585
1758642147,8039,51585
1758642500,7982,51393
1759007881,7889,51229
1759008492,7701,51156
1759008528,7701,51156
1759028370,7701,51061
1759028391,7701,51061
1759028410,7701,51061
1759028506,7701,51061
1759029030,7701,51061
1759029090,7698,51061
1759029186,7698,51061
1759029221,7698,51061
1759029690,7526,50870
1759029922,7521,50855
1759030024,7424,50017
1759030880,7410,50017
1759031348,7410,50017
1759031421,7410,50017
1759031825,7426,50020
1759031887,7426,50020
1759031953,7426,50020
1759032032,7426,50020
1759032108,7426,50020
1759032200,7426,50020
1759032250,7426,50020
1759032306,7426,50020
1759203068,7427,50020
1759203458,7393,50002
1759203580,7374,49985
1759203616,7341,49936
1759203641,7341,49936
1759205249,6314,34460
1759205266,6314,34460
1759205291,6314,34460
1759205345,6314,34460
1759205498,6286,34368
1759265202,5980,33294
1759265270,5969,33009
1759265366,5967,33009
1759265662,5877,32141
1759265734,5867,32037
1759265789,5849,31917
1759265813,5849,31917
1759265874,5839,31864
1759265940,5839,31864
1759265993,5839,31864
1759362871,5839,31864
1759369005,5835,31864
1759372679,5817,31893
1759374456,5817,31893
1759374483,5801,31893
1759374516,5817,31893
1759374620,5821,31898
1759374670,5824,31898
1759374789,5825,31898
1759374981,5819,31898
1759375227,5827,31898
1759375368,5827,31898
1759375513,5827,31898
1759375712,5827,31898
1759375796,5826,31898
1759376403,5824,31898
1759376451,5824,31898
1759376580,5824,31898
1759376699,5824,31898
1759376714,5827,31898
1759376804,5843,31898
1759376876,5840,31898
1759376956,5841,31898
1759377240,5844,31898
1759377288,5844,31898
1759377442,5843,31898
1759377474,5843,31898
1759377552,5844,31898
1759377578,5844,31898
1759377598,5844,31898
1759377699,5844,31898
1759377705,5844,31898
1759377724,5844,31898
1759377789,5845,31898
1759377957,5841,31898
1759378006,5840,31898
1759378034,5841,31898
1759378163,5847,31898
1759508044,5847,31898
1759508147,5847,31898
1759510713,5847,31899
1759511225,5847,31900
1759511276,5847,31900
1759512588,5846,31905
1759514791,5846,31905
1759515929,5847,31905
1759522090,5858,31954
1759523137,5867,31967
1759523416,5869,31967
1759523456,5871,31967
1759524522,5871,31979
1759524698,5654,31510
1759595986,5659,31510
1759596385,5665,31548
1759596994,5676,31596
1759597257,5676,31596
1759616003,5680,31617
1759686646,5686,31661
1759697880,5687,31661
1759698184,5735,31708
1759698195,5735,31708
1759698298,5733,31797
1759698325,5732,31797
1759698386,5727,31797
1759698432,5721,31797
1759698453,5719,31797
1759698479,5718,31797
1759698531,5709,31797
1759698573,5706,31754
1759698582,5706,31754
1759698609,5705,31748
1759787796,5724,31748
1759788576,5720,31748
1759788610,5719,31748
1759788763,5719,31748
1759789160,5719,31748
1759790065,5719,31748
1759790186,5723,31748
1759790311,5732,31748
1759790485,5740,31748
1759793277,5746,31788
1759796018,5746,31788
1759797527,5746,31770
1759798074,5756,31770
1759798729,5777,31770
1760645490,5777,31770
1760645657,5773,31770
1760645764,5772,31770
1760646132,5774,31770
1760646483,5774,31770
1760646604,5774,31770
1760647046,5791,31770
1760647151,5790,31770
1760648335,5791,31770
1760649306,5801,31773
1760649350,5800,31773
1760649616,5804,31773
1760650203,5809,31773
1760650285,5809,31773
1761325326,5809,31773
1761326845,5809,31773
1761328604,5809,31773
1761328643,5809,31773
1761329832,5807,31773
1761330668,5807,31773
1761331763,5808,31773
1761331772,5808,31773
1761332420,5824,31773
1761332510,5824,31773
1761332559,5824,31773
1761336527,5824,31773
1761336760,5827,31773
1761336868,5828,31773
1761337477,5852,31773
1761339050,5873,31775
1761339336,5873,31775
1761339734,5878,31775
1761339882,5878,31775
1761870810,5878,31775
1761870965,5879,31775
1761871020,5879,31775
1761871034,5879,31775
1761871069,5879,31775
1761871140,5881,31775
1761871169,5881,31775
1761871708,5883,31775
1761871781,5883,31775
1761871817,5883,31775
1761871864,5883,31775
1761871886,5882,31775
1761872477,5876,31775
1761872508,5876,31775
1761872983,5876,31775
1763354753,5880,31807
1763355421,5888,31900
1763355517,5888,31900
1763355909,5892,31932
1763356175,5896,31957
1763356303,5894,32043
1763356545,5899,32068
1763357202,5908,32123
1763357211,5908,32123
1763357673,5912,32143
1763358057,5916,32177
1763358315,5921,32212
1763358501,5926,32248
1763360700,5932,32284
1763360736,5932,32284
1763362255,5932,32284
1763363197,5937,32319
1763364095,5946,32392
1763364369,5950,32427
1763366005,5956,32463
1763366314,5961,32496
1763366349,5961,32496
1763366857,5961,32496
1763416316,5968,32496
1763416814,5963,32501
1763416845,5962,32501
1763416862,5962,32501
1763416988,5966,32501
1763417073,5969,32501
1763417089,5969,32501
1763417102,5969,32501
1763417152,5971,32501
1763417288,5972,32501
1763417633,5979,32501
1763421355,6006,32552
1763421803,6019,32552
1763421887,6020,32552
1763421953,6021,32552
1763422039,6021,32552
1763422574,6030,32669
1763423634,6047,32817
1763430292,6055,32817
1763430738,6072,32817
1763431976,6073,32817
1763432152,6073,32817
1763432248,6076,32817
1763433689,6079,32838
1763435782,6086,32877
1763442665,6092,32898
1763449650,6092,32898
1763450334,6120,33203
1763450700,6104,33203
1763450721,6104,33203
1763450744,6102,33203
1763450769,6102,33203
1763450814,6102,33203
1763450871,6102,33203
1763503674,6107,33227
1763503993,6112,33254
1763504171,6116,33278
1763515813,6116,33278
1763527264,6126,33320
1763534530,6134,33374
1763569197,6134,33401
1763594403,6140,33435
1763594868,6151,33516
1763595155,6155,33577
1763597225,6161,33648
1763597808,6157,33676
1763597998,6160,33689
1763598206,6165,33710
1763598397,6136,33710
1763598728,6138,33735
1763598924,6144,33774
1763599012,6143,33799
1763599119,6143,33823
1763599197,6144,33841
1763600076,6125,33955
1763600750,6125,33955
1763601152,6129,34007
1763601265,6130,34025
1763601493,6139,34050
1763602024,6147,34124
1763660076,6147,34124
1763662019,6149,34124
1763662672,6154,34124
1763662922,6158,34124
1763662964,6162,34124
1763663008,6166,34124
1763664136,6184,34172
1763664244,6184,34172
1763664467,6185,34172
1763664974,6185,34172
1763666415,6186,34172
1763666528,6179,34172
1763666608,6179,34172
1763667354,6199,34202
1763667446,6197,34202
1763667719,6198,34202
1763667758,6200,34202
1763668159,6199,34202
1763668316,6205,34202
1763668638,6207,34202
1763669252,6204,34223
1763669310,6206,34223
1763669817,6206,34223
1763669840,6206,34223
1763669886,6206,34223
1763670005,6206,34223
1763670045,6206,34223
1763670063,6206,34223
1763670276,6209,34245
1763752447,6219,34268
1763752521,6218,34268
1763752679,6219,34268
1763752866,6218,34268
1763752972,6220,34268
1763753204,6223,34268
1763754216,6233,34268
1763754378,6233,34268
1763754561,6269,34268
1763755680,6272,34268
1763755925,6269,34268
1763756072,6269,34268
1763756124,6269,34268
1763756147,6269,34268
1763756277,6269,34268
1763756310,6269,34268
1763756354,6269,34268
1763756401,6269,34268
1763756435,6269,34268
1763756467,6269,34268
1763756523,6269,34268
1763756591,6270,34268
1763756690,6270,34268
1763757069,6279,34268
1763757246,6279,34268
1763757273,6279,34268
1763757291,6279,34268
1763757314,6279,34268
1763757337,6279,34268
1763757350,6279,34268
1763757366,6279,34268
1763757386,6279,34268
1763757412,6279,34268
1763757428,6279,34268
1763757489,6279,34268
1763758381,6310,34300
1763758494,6310,34300
1763759171,6315,34300
1763759342,6315,34300
1763759568,6316,34300
1763759700,6315,34300
1763759805,6313,34300
1763782036,6313,34300
1763782111,6316,34300
1763782590,6314,34301
1763782956,6320,34320
1763783660,6322,34320
1763783681,6321,34320
1763783699,6320,34320
1763784663,6322,34320
1763784678,6322,34320
1763784691,6323,34320
1763784777,6327,34320
1763784832,6328,34320
1763784963,6329,34320
1763785049,6329,34320
1763785116,6329,34320
1763785176,6329,34320
1763785223,6329,34320
1763785387,6329,34320
1763785444,6329,34320
1763785601,6330,34320
1763785626,6330,34320
1763785744,6336,34320
1763785793,6337,34320
1763786031,6360,34320
1763786057,6360,34320
1763786231,6363,34320
1763786437,6366,34320
1763786733,6379,34320
1763788155,6387,34351
1763788293,6389,34351
1763788354,6391,34351
1763835692,6390,34351
1763836134,6383,34351
1763836209,6383,34351
1763836244,6383,34351
1763836284,6383,34351
1763836428,6387,34351
1763844115,6391,34351
1763854654,6391,34351
1763855085,6400,34427
1763857684,6445,34501
1763857744,6447,34501
1763857816,6449,34501
1763858133,6457,34501
1763858217,6457,34501
1763858250,6456,34501
1763858288,6456,34501
1763858320,6456,34501
1763858441,6456,34501
1763858707,6459,34501
1763858780,6461,34501
1763858849,6462,34501
1763863329,6467,34501
1763864799,6463,34474
1763864852,6459,34474
1763864877,6457,34474
1763864932,6453,34474
1763864990,6448,34474
1763865009,6447,34474
1763865030,6445,34474
1763865153,6445,34474
1763865245,6446,34480
1763865433,6451,34480
1763865517,6452,34480
1763867790,6482,34626
1763867916,6483,34626
1763867936,6483,34626
1763868008,6482,34626
1763868112,6482,34626
1763923662,6482,34626
1763923923,6482,34626
1763944869,6482,34626
1763945380,6478,34626
1763945421,6478,34626
1763946098,6478,34626
1763946400,6477,34626
1763946447,6477,34626
1763946485,6477,34626
1763946525,6477,34626
1763946596,6477,34626
1763947081,6482,34626
1763947101,6482,34626
1763947256,6482,34626
1763947334,6494,34626
1763948659,6558,34783
1763948745,6561,34783
1763948872,6561,34783
1764033103,6561,34783
1764033127,6573,34783
1764033685,6575,34783
1764033697,6575,34783
1764033797,6576,34783
1764033850,6577,34783
1764033926,6577,34783
1764034039,6577,34783
1764034072,6577,34783
1764034139,6579,34783
1764034445,6582,34783
1764034916,6580,34783
1764035000,6586,34783
1764093806,6586,34783
1764097136,6586,34783
1764097404,6584,34783
1764098538,6584,34783
1764098666,6584,34783
1764099572,6568,34751
1764101044,6621,34897
1764103119,6695,35316
1764103260,6695,35316
1764103755,6707,35341
1764103834,6708,35341
1764104054,6719,35364
1764104082,6719,35364
1764104127,6721,35364
1764104439,6736,35364
1764104627,6736,35364
1764104660,6735,35364
1764104776,6739,35364
1764105028,6741,35364
1764114240,6729,35364
1764114471,6728,35364
1764117854,6757,35444
1764125192,6757,35444
1764125823,6776,35497
1764126014,6779,35497
1764126076,6783,35497
1764126621,6786,35497
1764126681,6786,35497
1764127200,6793,35497
1764128411,6816,35521
1764128502,6816,35521
1764139171,6815,35544
1764139202,6815,35544
1764139223,6815,35544
1764139443,6815,35544
1764139473,6815,35544
1764139503,6815,35544
1764139542,6815,35544
1764139673,6815,35544
1764139814,6815,35544
1764231380,6822,35544
1764231480,6822,35544
1764231637,6834,35544
1764231732,6834,35544
1764232172,6830,35530
1764232238,6830,35530
1764232323,6835,35530
1764232421,6811,35530
1764233034,6872,35592
1764233117,6872,35592
1764233136,6872,35592
1764266452,6864,35522
1764266561,6852,35522
1764266781,6844,35522
1764267068,6881,35522
1764267137,6881,35522
1764267310,6969,35522
1764267544,6863,35439
1764268106,6837,35439
1764268221,6843,35439
1764268477,6788,35439
1764279428,6792,35439
1764280063,6796,35439
1764280098,6796,35439
1764280187,6801,35439
1764280321,6805,35439
1764280436,6807,35439
1764280669,6815,35439
1764280716,6815,35439
1764280755,6815,35439
1764280779,6815,35439
1764280851,6815,35439
1764280872,6815,35439
1764280903,6815,35439
1764280916,6815,35439
1764280931,6815,35439
1764280950,6815,35439
1764280968,6815,35439
1764281094,6815,35439
1764281216,6816,35439
1764281304,6813,35439
1764281600,6813,35439
1764283144,6813,35439
1764289973,6814,35439
1764299800,6814,35439
1764301884,6824,35439
1764302017,6827,35439
1764302494,6830,35439
1764304920,6867,35466
1764304974,6867,35466
1764305017,6868,35466
1764306402,6928,35610
1764306665,6928,35610
1764306777,6928,35610
1764307012,6929,35610
1764307254,6941,35610
1764307346,6941,35610
1764308354,6942,35610
1764308473,6943,35610
1764308940,6959,35649
1764309049,6964,35649
1764309109,6964,35649
1764309132,6964,35649
1764309174,6964,35649
1764309318,6964,35649
1764311602,6954,35649
1764313278,6910,35630
1764313708,6918,35630
1764314073,6922,35630
1764314152,6922,35630
1764314442,6926,35630
1764314564,6930,35630
1764314639,6930,35630
1764314666,6930,35630
1764314697,6930,35630
1764314754,6930,35630
1764314765,6930,35630
1764314807,6930,35630
1764314844,6930,35630
1764314896,6930,35630
1764315137,6933,35630
1764315177,6933,35630
1764315318,6936,35630
1764315364,6937,35630
1764315441,6936,35630
1764315498,6937,35630
1764315521,6938,35630
1764315657,6942,35630
1764315775,6946,35630
1764315879,6950,35630
1764315905,6950,35630
1764316043,6954,35630
1764316094,6954,35630
1764316132,6954,35630
1764317354,6958,35662
1764364097,6936,35662
1764371723,6939,35662
1764371759,6939,35662
1764371821,6939,35662
1764371878,6939,35662
1764388326,6871,35662
1764389240,6869,35662
1764389249,6868,35662
1764389292,6868,35662
1764389304,6868,35662
1764389793,6868,35662
1764390648,6855,35662
1764390785,6815,35662
1764390824,6799,35662
1764390839,6799,35662
1764391250,6726,35662
1764391774,6727,35683
1764392177,6727,35703
1764392857,6715,35703
1764392887,6715,35703
1764393059,6717,35703
1764393098,6719,35703
1764393154,6708,35703
1764393236,6706,35703
1764393294,6707,35703
1764393369,6712,35703
1764393521,6707,35703
1764393610,6709,35703
1764393908,6706,35591
1764393985,6706,35138
1764394030,6706,35138
1764394081,6708,35138
1764394104,6707,35138
1764436184,6715,35138
1764436262,6712,35138
1764436314,6702,35138
1764436361,6698,35138
1764436431,6702,35138
1764436460,6702,35138
1764436612,6706,35138
1764436954,6713,35138
1764436997,6711,35138
1764437021,6711,35138
1764437063,6710,35138
1764437110,6710,35138
1764437175,6713,35138
1764437230,6713,35138
1764437307,6711,35138
1764437366,6711,35138
1764437452,6712,35138
1764437487,6712,35138
1764437519,6712,35138
1764437630,6713,35138
1764437670,6713,35138
1764437846,6716,35138
1764437918,6716,35138
1764437945,6716,35138
1764438012,6715,35138
1764438042,6715,35138
1764438123,6716,35138
1764438245,6716,35138
1764438283,6716,35138
1764438341,6716,35138
1764438391,6716,35138
1764438506,6716,35138
1764438616,6724,35160
1764438684,6725,35160
1764438973,6731,35160
1764439148,6732,35160
1764439206,6732,35160
1764448091,6721,35160
1764448266,6720,35160
1764448299,6720,35160
1764448389,6721,35160
1764448454,6722,35160
1764448499,6722,35160
1764448560,6722,35160
1764448582,6723,35160
1764452822,6723,35160
1764452881,6724,35160
1764452909,6724,35160
1764452960,6724,35160
1764452998,6724,35160
1764453056,6725,35160
1764453101,6726,35160
1764481995,6726,35160
1764482027,6726,35160
1764482204,6727,35160
1764482352,6727,35160
1764482638,6729,35160
1764482694,6727,35160
1764482723,6727,35160
1764482933,6728,35160
1764483482,6729,35160
1764483500,6729,35160
1764483624,6731,35160
1764483697,6735,35160
1764483995,6746,35160
1764489541,6744,35160
1764489743,6748,35160
1764490347,6748,35160
1764490638,6753,35160
1764492095,6776,35186
1764492469,6778,35186
1764493099,6786,35186
1764493238,6785,35186
1764493495,6802,35186
1764493512,6802,35186
1764493620,6805,35186
1764493876,6805,35186
1764541222,6809,35186
1764541249,6809,35186
1764541279,6809,35186
1764544106,6796,35186
1764546059,6837,35300
1764546301,6841,35300
1764546423,6846,35300
1764567304,6846,35300
1764567437,6848,35300
1764567587,6852,35300
1764567742,6862,35300
1764567850,6865,35300
1764568491,6890,35300
1764568507,6890,35300
1764568544,6890,35300
1764569535,6959,35358
1764569670,6961,35358
1764569863,6969,35358
1764570275,6984,35358
1764570366,6985,35358
1764570432,6986,35358
1764612368,6987,35367
1764612669,6998,35660
1764612867,6988,35660
1764613989,6991,35660
1764614008,6991,35660
1764614569,6982,35660
1764614594,6981,35660
1764614677,6981,35660
1764614772,6981,35660
1764614873,6981,35660
1764614919,6981,35660
1764616092,6982,35686
1764616167,6982,35686
1764616224,6982,35686
1764616254,6982,35686
1764616277,6982,35686
1764616294,6982,35686
1764617325,6992,35686
1764617431,6992,35686
1764617581,6995,35686
1764618202,6998,35693
1764618813,7025,35757
1764621273,7025,35757
1764622226,7069,35757
1764623283,7069,35757
1764624183,7081,35757
1764624358,7083,35757
1764624585,7084,35757
1764624625,7084,35757
1764624910,7088,35757
1764651555,7088,35757
1764651636,7090,35757
1764651648,7090,35757
1764652636,7102,35639
1764744074,7101,35639
1764744563,7107,35639
1764744848,7114,35639
1764744881,7115,35639
1764746305,7097,35639
1764746677,7119,35639
1764746947,7131,35639
1764747124,7133,35639
1764747380,7136,35639
1764748456,7155,35639
1764748935,7160,35639
1764748993,7158,35639
1764749470,7155,35639
1764751296,7133,35639
1764780180,7133,35639
1764780677,7128,35630
1764780688,7128,35630
1764787361,7147,35600
1764788007,7150,35609
1764794004,7169,35609
1764800901,7169,35609
1764802877,7185,35636
1764802950,7180,35636
1764869855,7180,35636
1764870658,7198,35655
1764870782,7198,35655
1764870921,7198,35655
1764904254,7198,35655
1764904506,7197,35655
1764904814,7201,35655
1764905222,7208,35682
1764909734,7218,35682
1764910011,7230,35682
1764910081,7231,35682
1764910138,7233,35682
1764910228,7233,35682
1764956439,7231,35682
1764956899,7235,35705
1764956910,7235,35705
1764956994,7235,35705
1764969360,7200,35728
1764969507,7209,35728
1764969543,7209,35728
1764970492,7213,35788
1764970597,7213,35788
1764971438,7211,35790
1764972104,7211,35790
1764972574,7183,35796
1764972622,7187,35796
1764972949,7187,35796
1764973887,7211,35916
1764973952,7211,35916
1764974168,7209,35916
1764974186,7209,35916
1764975541,7206,35904
1764975984,7208,35904
1764976040,7210,35904
1764976192,7198,35904
1764976201,7198,35904
1764976237,7198,35904
1764976303,7204,35904
1764976349,7204,35904
1764976496,7208,35904
1764976575,7212,35904
1764976716,7224,35904
1764976793,7230,35904
1764976869,7235,35904
1764976988,7239,35904
1764977413,7243,35904
1764977433,7243,35904
1764979697,7276,35948
1764980329,7294,35966
1764980450,7281,35966
1764980463,7280,35966
1764980531,7260,35966
1764980561,7258,35966
1764980714,7262,35966
1764981062,7265,35966
1764981407,7275,35966
1764981544,7276,35966
1764981667,7277,35966
1764981854,7283,35966
1764981971,7282,35966
1764986619,7290,36061
1764986724,7296,36061
1764986790,7296,36061
1764986951,7296,36061
1764987260,7314,36061
1765126188,7311,36061
1765126208,7310,36061
1765127678,7316,36139
1765127795,7316,36139
1765128930,7317,36139
1765129040,7318,36139
1765129335,7321,36139
1765129439,7323,36139
1765129566,7324,36139
1765213005,7317,36220
1765218537,7320,36196
1765219361,7324,36208
1765219371,7324,36208
1765302693,7327,36472
1765304957,7359,36381
1765327351,7348,36593
1765329634,7353,37340
1765329646,7353,37340
1765330319,7345,37487
1765330766,7341,37487
1765331573,7344,37487
1765331616,7338,37487
1765340569,7334,37728
1765340653,7330,37882
1765340746,7328,38081
1765340890,7319,39280
1765341115,7332,39426
1765345112,7339,39611
1765345255,7337,39801
1765345486,7335,40122
1765346087,7335,41466
1765346560,7339,41477
1765346675,7336,41654
1765346717,7336,41654
1765346840,7337,41939
1765347160,7330,42147
1765347328,7328,42285
1765383525,7328,42285
1765383556,7320,42289
1765384804,7317,42565
1765385013,7284,43251
1765385909,7284,43203
1765385919,7284,43203
1765388866,7307,43249
1765388886,7307,43249
1765388985,7311,43249
1765389183,7317,43311
1765389326,7323,43311
1765389690,7330,43335
1765389699,7330,43335
1765389829,7329,43318
1765389893,7330,43318
1765390090,7330,43318
1765390117,7327,43318
1765390248,7307,43318
1765390774,7305,43278
1765390792,7305,43278
1765390948,7305,43425
1765390977,7319,43425
1765391896,7340,43883
1765391989,7343,43924
1765400412,7354,44008
1765400486,7354,44008
1765400498,7354,44008
1765400838,7354,43947
1765400851,7354,43947
1765400893,7355,43947
1765401158,7350,43963
1765401264,7351,44005
1765401566,7356,44112
1765401611,7356,44112
1765401667,7356,44112
1765401764,7352,44124
1765401806,7352,44124
1765401907,7352,44133
1765401963,7352,44131
1765402000,7356,44125
1765402025,7356,44125
1765402223,7360,44122
1765402466,7352,44879
1765402896,7319,46140
1765403153,7312,46103
1765403306,7310,46515
1765403703,7307,46593
1765403746,7307,46593
1765403917,7305,46655
1765404032,7304,47126
1765404106,7302,47126
1765404229,7298,47820
1765404296,7298,47820
1765404474,7288,48003
1765404608,7285,48113
1765404758,7282,48411
1765405080,7279,51206
1765405208,7274,52083
1765405273,7274,52083
1765405634,7266,54325
1765406420,7261,54523
1765406472,7262,54543
1765406560,7288,54650
1765406658,7264,54560
1765406719,7264,54558
1765431580,7257,54558
1765431955,7249,56403
1765432115,7247,56536
1765436999,7242,57268
1765437190,7240,57704
1765437550,7234,57893
1765437738,7021,54211
1765440715,7021,54211
1765440899,7019,54211
1765444787,7017,54511
1765444941,7015,55153
1765445113,7012,55319
1765445268,7009,55437
1765445624,6997,55976
1765445634,6997,55976
1765445651,6997,55976
1765473188,6997,55976
1765473250,7000,55976
1765473281,7000,55976
1765474295,6979,55798
1765474349,6979,55798
1765474415,6979,55798
1765485795,6977,55960
1765493775,6975,56042
1765500322,6973,56250
1765500468,6971,56310
1765500613,6969,56352
1765500698,6902,55260
1765500832,6902,55258
1765501022,6899,55248
1765501030,6899,55248
1765501782,6863,54840
1765501850,6863,54838
1765501973,6863,54838
1765502243,6862,55473
1765502475,6854,55989
1765502671,6852,56193
1765507147,6852,56193
1765507173,6852,56193
1765507645,6852,56193
1765508834,6871,56233
1765508961,6872,56233
1765509037,6871,56233
1765509389,6877,56233
1765509965,6875,56233
1765510073,6875,56233
1765510111,6878,56233
1765510706,6892,56402
1765510744,6892,56395
1765511104,6899,56483
1765511141,6899,56483
1765511190,6900,56495
1765511263,6900,56496
1765511545,6906,56588
1765511906,6910,56663
1765511964,6910,56676
1765513040,6910,56676
1765513359,6911,56676
1765514735,6923,56736
1765514911,6921,56736
1765515019,6921,56754
1765515539,6922,56754
1765515803,6925,56754
1765516653,6916,56754
1765516794,6918,56754
1765516956,6919,56769
1765517277,6921,56807
1765517743,6925,56807
1765517803,6925,56807
1765518048,6919,56808
1765518123,6922,56807
1765518208,6922,56807
1765518251,6922,56807
1765518841,6917,56807
1765518938,6917,56807
1765518984,6919,56807
1765519159,6923,56807
1765519676,6923,56807
1765572322,6923,56807
1765579492,6923,56807
1765580512,6925,56836
1765580552,6926,56836
1765580610,6926,56836
1765581011,6932,56888
1765581142,6935,56898
1765581316,6939,56898
1765581385,6937,56901
1765583113,6938,56898
1765583678,6932,56898
1765583688,6932,56898
1765583851,6933,56898
1765583877,6932,56898
1765583932,6933,56898
1765584126,6930,56898
1765584170,6930,56898
1765584341,6927,56898
1765584381,6927,56898
1765584399,6927,56898
1765584523,6929,56898
1765584570,6929,56898
1765584623,6930,56898
1765584657,6930,56898
1765584670,6930,56898
1765584747,6930,56898
1765584768,6930,56898
1765584937,6933,56898
1765585020,6933,56898
1765585141,6934,56898
1765585231,6934,56898
1765585261,6934,56898
1765585292,6934,56898
1765585309,6934,56898
1765585352,6934,56898
1765585443,6935,56898
1765585491,6935,56898
1765585575,6935,56898
1765585629,6935,56898
1765585666,6935,56898
1765585840,6940,56898
1765586134,6945,56898
1765586201,6945,56898
1765586262,6946,56898
1765586402,6948,56898
1765586440,6948,56898
1765586495,6948,56898
1765586551,6948,56898
1765586652,6949,56898
1765586683,6949,56898
1765588290,6949,56898
1765588400,6951,56898
1765588426,6951,56898
1765588683,6949,56898
1765589079,6955,56898
1765589144,6955,56898
1765589218,6955,56898
1765589587,6961,56898
1765589628,6961,56898
1765589716,6963,56898
1765589823,6963,56898
1765589859,6956,56898
1765590732,6953,56911
1765591097,6953,56911
1765594018,6966,56913
1765594204,6965,56935
1765594225,6964,56936
1765594284,6961,56936
1765596134,6979,57258
1765596443,6979,57258
1765597035,6986,57258
1765598349,6989,57288
1765598590,6984,57637
1765598774,6984,57645
1765599342,6984,57645
1765645288,7045,57949
1765645336,7045,57949
1765645597,7054,58030
1765645743,7054,58029
1765666579,7060,58120
1765666994,7054,58153
1765667215,7055,58168
1765667263,7056,58177
1765667295,7045,58177
1765667346,7047,58187
1765667477,7048,58196
1765667584,7048,58207
1765667652,7048,58227
1765667712,7048,58227
1765667752,7049,58265
1765667797,7049,58265
1765667990,7052,58266
1765668006,7052,58266
1765668121,7050,58276
1765668338,7044,58276
1765668364,7043,58276
1765677438,7054,58213
1765677596,7049,58420
1765677653,7049,58420
1765677747,7048,58630
1765677843,7048,58630
1765678017,7048,58837
1765678050,7048,58837
1765678761,7039,58837
1765679325,7047,59026
1765679785,7059,59261
1765679823,7060,59280
1765679848,7060,59281
1765679893,7060,59281
1765680236,7074,59495
1765681848,7077,59528
1765681993,7078,59558
1765682059,7077,59559
1765682102,7077,59559
1765685171,7076,59459
1765685851,7068,59521
1765686125,7068,59633
1765686296,7062,59083
1765686594,7061,57641
1765686644,7061,57641
1765686654,7061,57641
1765687419,6962,57695
1765688732,6962,57725
1765688876,6962,57741
1765688975,6961,57745
1765689065,6959,57729
1765689765,6939,57729
1765698309,6928,58171
1765698367,6928,58169
1765698402,6928,58169
1765698619,6933,58535
1765698733,6933,58535
1765698805,6933,58812
1765698897,6931,59038
1765698922,6931,59038
1765699062,6928,59355
1765699083,6928,59355
1765699359,6923,59709
1765702799,6920,60336
1765702918,6914,61359
1765703000,6911,61620
1765703045,6909,61826
1765703064,6909,61826
1765703117,6903,62132
1765703319,6891,65031
1765703442,6883,65806
1765703566,6880,66034
1765703650,6875,66259
1765703730,6875,66259
1765703791,6873,66350
1765704007,6869,67904
1765704115,6869,67904
1765757208,6869,67904
1765757287,6863,69287
1765757354,6856,71069
1765757465,6854,72999
1765757515,6853,72999
1765757552,6853,72999
1765757737,6846,74048
1765757809,6844,74285
1765758882,6911,76417
1765759094,6833,75350
1765759670,6781,80474
1765759697,6781,80474
1765766441,6771,83274
1765766499,6769,84098
1765766584,6763,84296
1765767121,6770,84454
1765767505,6781,84411
1765767541,6771,84325
1765767568,6771,84325
1765767737,6769,84317
1765767755,6764,84289
1765767773,6764,84289
1765768180,6732,86627
1765768567,6626,86627
1765770959,6612,88019
1765771410,6612,88019
1765771524,6611,88019
1765771588,6610,88046
1765771770,6610,88156
1765771806,6609,88156
1765772366,6607,88786
1765772492,6591,88786
1765773009,6582,88659
1765816728,6582,88660
1765816980,6576,88558
1765817438,6576,88440
1765817622,6576,88440
1765817654,6576,88440
1765817731,6576,88440
1765817745,6576,88440
1765826551,6576,88440
1765827042,6576,88440
1765827315,6576,88440
1765827458,6576,88482
1765827713,6576,88516
1765827988,6576,88516
1765828136,6576,88516
1765828278,6576,88516
1765829897,6576,88663
1765830079,6576,88667
1765831521,6576,88667
1765832173,6576,88667
1765832462,6576,88667
1765835776,6576,88667
1765836614,6767,91067
1765836696,6767,91047
1765836731,6767,91047
1765836765,6767,91046
1765836797,6766,91032
1765836812,6760,90946
1765836843,6760,90928
1765836907,6760,90925
1765837068,6760,90925
1765837091,6760,90925
1765837101,6760,90925
1765837271,6760,90925
1765837404,6760,90925
1765837540,6758,90909
1765837631,6758,90909
1765846432,6758,90909
1765846465,6756,90911
1765854124,6756,90911
1765854707,6754,90887
1765855275,6771,90938
1765856120,6771,90938
1765856164,6771,90938
1765856197,6771,90938
1765856216,6771,90938
1765856284,6769,90952
1765856310,6769,90952
1765856320,6769,90952
1765857259,6798,91285
1765857489,6807,91382
1765857532,6804,91386
1765857849,6807,91382
1765858352,6813,91436
1765858439,6810,91440
1765858491,6813,91436
1765858557,6812,91437
1765858588,6814,91438
1765858748,6815,91441
1765858852,6817,91463
1765858902,6818,91478
1765859038,6823,91577
1765927550,6838,91720
1765928923,6899,92345
1765929093,6897,92257
1765929297,6901,92290
1765929347,6901,92293
1765930415,6925,92537
1765930471,6926,92543
1765930559,6926,92548
1765931332,6874,91984
1765931406,6927,92548
1765934693,6951,92851
1765934798,6953,92872
1765934903,6953,92872
1765937475,6953,92872
1765937674,6959,92948
1765938005,6959,92945
1765938092,6959,92960
1765938136,6959,92957
1765938330,6959,92957
1765938408,6959,92957
1765938434,6959,92971
1765944613,6978,93427
1765946363,7034,95154
1765947319,7062,93863
1765953461,7084,94111
1765953574,7084,94111
1765953801,7085,94127
1765953899,7086,94150
1765954196,7080,94184
1765954270,7077,94190
1765954324,7074,94160
1765954372,7071,94133
1765954442,7068,94026
1765954488,7065,93997
1765954572,7059,93929
1765954693,7050,93830
1765954753,7047,93756
1765955457,7044,93695
1765955511,7044,93695
1765956327,7046,93931
1765956359,7040,93931
1765956507,7040,93931
1765957431,7036,93845
1765957486,7036,93845
1765958511,7038,93845
1765958544,7038,93845
1765958776,7036,93845
1765958865,7036,93845
1765959123,7036,93845
1765959755,7026,93506
1765988654,7049,93692
1765989055,7049,93692
1765989114,7050,93710
1765989211,7051,93726
1765991452,7042,93668
1765994526,7057,93531
1766004528,7047,93487
1766004713,7045,93485
1766037547,7041,93314
1766091965,7073,93513
1766103570,7182,95172
1766103670,7182,95172
1766103731,7184,95189
1766103737,7184,95189
1766104711,7219,95569
1766106563,7268,96290
1766107009,7287,96458
1766107063,7269,96491
1766107147,7265,96497
1766107179,7261,96503
1766107505,7270,96413
1766119279,7261,96469
1766120501,7274,96487
1766121977,7315,97079
1766122054,7316,97078
1766122113,7314,97081
1766122273,7325,97185
1766123129,7337,97323
1766165020,7337,97323
1766165154,7339,97336
1766165336,7339,97336
1766165582,7338,97330
1766165717,7335,97372
1766166212,7341,97550
1766166646,7329,97552
1766167651,7329,97559
1766168187,7318,97645
1766171129,7313,97726
1766172829,7250,98005
1766172838,7250,98005
1766173067,7243,98001
1766176109,7195,96087
1766176173,7195,96089
1766176260,7197,96104
1766176324,7201,96135
1766176421,7204,96175
1766176529,7205,96192
1766176628,7204,96193
1766176679,7203,96225
1766176698,7202,96226
1766177022,7202,96226
1766177062,7202,96238
1766177191,7206,96265
1766177247,7206,96283
1766177323,7206,96289
1766177564,7206,95754
1766178139,7170,95684
1766179135,7170,95684
1766185574,7055,94560
1766186039,7055,92930
1766186414,7053,92525
1766186575,7053,92525
1766187421,7081,92966
1766187671,7080,92968
1766187827,7081,92818
1766191617,7082,92841
1766191943,7099,93021
1766191983,7100,93033
1766192053,7103,93057
1766192105,7103,93057
1766192133,7103,93059
1766192198,7104,93089
1766192215,7104,93089
1766192257,7103,93090
1766192312,7103,93090
1766192350,7104,93089
1766192416,7106,93101
1766192529,7107,93105
1766193549,7103,92964
1766193581,7100,92967
1766193613,7101,92997
1766193916,7112,93066
1766194257,7121,93080
1766198393,7071,93102
1766198466,7071,92276
1766198630,7071,91959
1766199387,7069,91624
1766199480,7066,91628
1766199965,7062,90926
1766202416,7062,90832
1766203568,7057,90648
1766203902,7065,90422
1766204463,7064,90366
1766204839,7064,90300
1766204946,7064,90300
1766210484,7064,90300
1766210906,7064,90300
1766218908,7051,89727
1766218998,7064,90162
1766219997,7064,90937
1766220053,7064,90938
1766220061,7064,90938
1766220153,7063,90940
1766220224,7063,90893
1766220314,7074,90903
1766220407,7073,90904
1766265903,7064,90300
1766265933,7064,90300
1766265990,7063,90301
1766274988,7063,90301
1766280533,7063,90301
1766281677,7070,90366
1766281788,7068,90321
1766283490,7067,90331
1766285346,7089,90559
1766285716,7089,90617
1766286478,7085,90562
1766288089,7101,90182
1766288229,7104,90216
1766288322,7100,90221
1766288370,7098,90223
1766288400,7095,90226
1766288492,7095,90226
1766289017,7091,90163
1766290508,7090,90316
1766290685,7093,90327
1766290832,7094,90336
1766291151,7102,90298
